       0
       0
       0
       0
       0
       0
       0
       0
       0
       0
       0
       0
       0
       0
       0
       0
       0
       0
       0
       0
       0
       0
       0
       0
       0
       0
       0
       0
       0
       0
       0
       0
       0
       0
       0
       0
       0
       0
       0
       0
       0
       0
       0
       0
       0
       0
       0
       0
       0
       0
       0
       0
       0
       0
       0
       0
       0
       0
       0
       0
       0
       0
       0
       0
       0
       0
       0
       0
       0
       0
       0
       0
       0
       0
       0
       0
       0
       0
       3
      22
     255
     724
     645
     721
     681
     753
     713
     687
     700
     657
     684
     621
     675
     696
     682
     683
     745
     642
     657
     635
     639
     649
     637
     648
     656
     620
     690
     686
     623
     640
     642
     606
     669
     673
     693
     666
     616
     639
     621
     715
     642
     635
     659
     694
     650
     683
     611
     600
     636
     649
     636
     670
     653
     623
     605
     621
     683
     647
     619
     663
     636
     655
     624
     675
     721
     640
     669
     679
     700
     671
     719
     699
     704
     736
     711
     702
     681
     694
     711
     717
     707
     756
     735
     755
     718
     755
     729
     721
     750
     776
     804
     767
     737
     748
     790
     773
     833
     782
     740
     800
     792
     875
     817
     784
     809
     851
     814
     854
     876
     845
     807
     855
     822
     828
     861
     877
     839
     872
     854
     780
     788
     837
     837
     815
     839
     890
     850
     856
     883
     845
     846
     842
     888
     886
     885
     845
     929
     933
     877
     878
     795
     899
     878
     922
     860
     858
     855
     871
     892
     881
     889
     896
     859
     812
     844
     847
     863
     972
     901
     888
     879
     893
     960
     873
     899
     921
     894
     832
     873
     836
     888
     853
     902
     839
     840
     919
     898
     874
     878
     839
     829
     900
     882
     887
     902
     816
     863
     915
     856
     839
     873
     880
     811
     858
     851
     884
     854
     816
     862
     884
     892
     835
     870
     863
     802
     830
     847
     888
     794
     829
     840
     826
     841
     850
     788
     806
     762
     827
     883
     857
     833
     839
     849
     848
     801
     780
     813
     814
     815
     865
     823
     819
     817
     774
     879
     783
     732
     776
     772
     808
     817
     756
     785
     790
     782
     756
     762
     761
     763
     773
     786
     770
     791
     760
     796
     799
     806
     851
     797
     765
     778
     729
     724
     719
     729
     759
     717
     731
     729
     693
     705
     747
     734
     679
     742
     730
     718
     732
     697
     723
     691
     744
     696
     738
     723
     719
     675
     685
     716
     675
     714
     708
     668
     675
     714
     650
     705
     695
     663
     622
     644
     669
     630
     667
     691
     578
     632
     668
     680
     680
     641
     610
     675
     626
     658
     654
     616
     643
     606
     606
     639
     600
     595
     596
     680
     624
     631
     587
     592
     611
     625
     632
     615
     596
     592
     637
     575
     564
     564
     593
     579
     598
     579
     570
     565
     539
     555
     588
     616
     546
     640
     601
     560
     547
     576
     524
     603
     538
     559
     540
     514
     560
     540
     566
     556
     534
     520
     545
     524
     552
     520
     539
     528
     542
     577
     506
     527
     509
     523
     552
     491
     450
     527
     562
     538
     534
     507
     476
     527
     514
     493
     493
     534
     534
     503
     497
     511
     523
     516
     499
     504
     524
     519
     500
     512
     514
     495
     489
     449
     503
     545
     504
     456
     469
     440
     475
     497
     477
     528
     520
     499
     468
     452
     482
     505
     466
     486
     441
     506
     485
     469
     455
     424
     457
     460
     427
     480
     439
     442
     500
     454
     470
     501
     468
     488
     516
     498
     451
     491
     482
     475
     511
     466
     486
     480
     453
     486
     493
     533
     483
     430
     474
     493
     462
     463
     415
     449
     480
     456
     441
     470
     471
     439
     462
     466
     439
     453
     453
     445
     453
     513
     426
     439
     440
     443
     448
     439
     451
     439
     463
     439
     457
     426
     419
     424
     410
     427
     452
     481
     506
     535
     534
     441
     395
     419
     427
     427
     461
     439
     450
     464
     436
     436
     408
     412
     404
     428
     363
     412
     407
     403
     405
     403
     386
     448
     365
     373
     421
     393
     410
     404
     370
     371
     353
     380
     404
     370
     392
     384
     374
     371
     366
     365
     375
     401
     380
     393
     401
     352
     376
     382
     378
     350
     377
     383
     359
     345
     337
     346
     362
     426
     402
     348
     374
     355
     329
     344
     363
     355
     394
     369
     333
     368
     333
     325
     342
     367
     374
     331
     355
     378
     330
     318
     365
     361
     333
     358
     353
     361
     325
     324
     351
     330
     362
     386
     349
     351
     337
     318
     321
     320
     359
     335
     346
     330
     313
     342
     365
     337
     323
     325
     338
     337
     345
     296
     307
     346
     307
     312
     321
     326
     308
     309
     308
     277
     295
     314
     323
     331
     281
     318
     320
     289
     284
     343
     306
     306
     331
     347
     340
     339
     309
     331
     304
     336
     308
     295
     310
     281
     315
     294
     292
     308
     299
     331
     336
     345
     319
     299
     281
     302
     288
     260
     291
     298
     294
     291
     284
     309
     312
     306
     287
     281
     288
     286
     291
     292
     288
     255
     299
     253
     314
     280
     281
     301
     275
     258
     303
     291
     275
     283
     257
     299
     275
     276
     293
     298
     293
     273
     285
     266
     262
     286
     265
     315
     296
     279
     273
     295
     271
     299
     276
     294
     278
     279
     269
     277
     271
     298
     279
     278
     270
     253
     267
     262
     296
     273
     273
     269
     256
     239
     278
     260
     278
     245
     259
     265
     254
     247
     273
     249
     262
     243
     306
     296
     282
     244
     262
     257
     232
     258
     261
     279
     266
     255
     273
     223
     264
     280
     242
     290
     282
     367
     336
     322
     270
     269
     250
     279
     241
     254
     257
     235
     238
     315
     342
     351
     310
     250
     241
     257
     268
     246
     259
     281
     388
     358
     290
     262
     257
     255
     251
     246
     264
     242
     228
     235
     251
     258
     255
     213
     253
     254
     250
     259
     227
     233
     225
     257
     243
     230
     241
     234
     265
     262
     230
     253
     244
     244
     252
     200
     243
     265
     229
     238
     236
     228
     226
     222
     233
     225
     253
     212
     236
     215
     195
     264
     210
     238
     218
     186
     250
     272
     248
     217
     238
     231
     225
     238
     224
     230
     246
     228
     247
     256
     216
     191
     237
     210
     232
     230
     217
     253
     221
     230
     198
     232
     219
     212
     194
     240
     216
     198
     234
     211
     228
     220
     222
     219
     222
     219
     228
     176
     216
     223
     206
     214
     217
     217
     226
     205
     232
     257
     237
     218
     204
     238
     247
     207
     218
     230
     223
     209
     216
     199
     204
     206
     202
     226
     175
     199
     210
     217
     213
     198
     210
     226
     230
     230
     210
     196
     216
     220
     208
     197
     228
     213
     222
     204
     206
     221
     263
     369
     372
     387
     311
     241
     215
     226
     212
     201
     215
     224
     191
     196
     196
     197
     198
     219
     208
     230
     229
     209
     178
     181
     200
     200
     212
     181
     199
     186
     210
     209
     219
     202
     190
     216
     185
     201
     190
     202
     212
     210
     225
     242
     218
     220
     210
     192
     213
     204
     209
     210
     186
     203
     209
     216
     206
     240
     178
     198
     174
     193
     203
     208
     206
     221
     216
     212
     199
     200
     217
     192
     198
     176
     200
     218
     183
     208
     203
     201
     184
     179
     198
     197
     197
     203
     186
     188
     182
     203
     180
     193
     198
     187
     194
     198
     188
     184
     189
     219
     200
     172
     206
     205
     161
     166
     177
     200
     189
     184
     192
     206
     186
     187
     211
     178
     229
     189
     172
     194
     189
     193
     191
     197
     182
     192
     203
     172
     199
     188
     186
     213
     189
     190
     201
     191
     185
     186
     180
     184
     220
     215
     192
     178
     188
     172
     178
     166
     165
     177
     161
     167
     161
     197
     189
     179
     172
     185
     183
     184
     185
     183
     185
     190
     165
     157
     177
     207
     179
     166
     185
     210
     194
     173
     174
     184
     194
     184
     179
     149
     168
     206
     170
     170
     178
     170
     183
     202
     170
     194
     182
     160
     180
     163
     179
     174
     208
     181
     154
     204
     171
     183
     178
     159
     179
     157
     201
     186
     179
     151
     179
     205
     166
     179
     186
     172
     169
     167
     168
     173
     166
     184
     183
     190
     195
     212
     219
     253
     317
     321
     375
     377
     367
     321
     280
     237
     231
     207
     215
     219
     189
     165
     197
     196
     182
     179
     174
     169
     156
     176
     169
     188
     183
     134
     166
     193
     190
     166
     190
     185
     157
     159
     169
     190
     173
     163
     165
     180
     188
     166
     203
     179
     183
     158
     157
     148
     169
     167
     184
     189
     163
     166
     174
     174
     163
     192
     153
     166
     160
     166
     192
     193
     180
     146
     163
     200
     171
     169
     161
     155
     166
     164
     165
     156
     180
     174
     179
     179
     134
     167
     153
     209
     191
     174
     177
     171
     182
     169
     146
     171
     168
     162
     189
     188
     165
     172
     179
     162
     166
     159
     176
     165
     160
     178
     199
     193
     153
     184
     175
     141
     162
     149
     158
     168
     148
     182
     192
     167
     184
     151
     168
     179
     194
     166
     166
     154
     182
     177
     171
     180
     146
     143
     164
     183
     168
     160
     156
     174
     168
     176
     163
     177
     157
     169
     183
     167
     145
     164
     174
     151
     153
     129
     156
     160
     186
     178
     169
     157
     176
     141
     161
     182
     168
     154
     166
     167
     172
     143
     173
     161
     164
     169
     177
     177
     165
     203
     184
     176
     204
     153
     151
     166
     167
     166
     182
     158
     152
     188
     159
     161
     159
     184
     154
     176
     186
     161
     144
     181
     175
     155
     174
     144
     175
     158
     193
     171
     153
     167
     170
     143
     168
     151
     144
     177
     161
     169
     169
     180
     170
     147
     140
     171
     162
     162
     173
     173
     134
     158
     163
     171
     160
     133
     146
     178
     156
     142
     151
     169
     184
     244
     231
     221
     188
     168
     154
     161
     149
     159
     183
     170
     157
     143
     172
     180
     161
     158
     173
     180
     163
     151
     148
     144
     159
     169
     149
     127
     173
     162
     155
     190
     175
     170
     143
     158
     177
     152
     150
     162
     137
     150
     152
     156
     181
     162
     149
     147
     142
     172
     151
     177
     162
     146
     157
     164
     140
     172
     144
     157
     156
     182
     152
     161
     168
     133
     140
     162
     154
     151
     135
     150
     185
     149
     157
     156
     162
     164
     164
     173
     149
     159
     163
     144
     166
     162
     134
     148
     169
     176
     156
     161
     180
     144
     149
     146
     169
     139
     147
     156
     154
     154
     165
     149
     154
     149
     151
     161
     155
     167
     159
     126
     155
     164
     157
     149
     148
     143
     174
     136
     154
     162
     171
     144
     153
     158
     156
     202
     310
     313
     272
     221
     168
     160
     150
     146
     162
     155
     149
     169
     170
     125
     164
     152
     152
     152
     144
     163
     158
     162
     139
     144
     161
     147
     157
     142
     141
     154
     150
     144
     142
     158
     158
     151
     156
     148
     158
     156
     125
     163
     156
     139
     168
     131
     143
     150
     144
     168
     142
     153
     153
     176
     163
     154
     148
     149
     137
     134
     143
     146
     153
     135
     133
     126
     154
     134
     144
     139
     136
     162
     165
     161
     164
     157
     146
     142
     150
     140
     151
     170
     167
     150
     141
     144
     164
     173
     150
     169
     165
     167
     154
     143
     153
     144
     144
     169
     156
     162
     166
     135
     149
     159
     138
     189
     152
     150
     140
     153
     154
     168
     154
     159
     147
     174
     150
     165
     164
     158
     152
     143
     154
     139
     171
     150
     145
     138
     152
     164
     148
     158
     136
     136
     159
     162
     138
     154
     136
     153
     150
     163
     156
     151
     145
     146
     157
     146
     138
     169
     161
     155
     132
     143
     146
     134
     158
     142
     167
     177
     150
     171
     151
     166
     143
     140
     182
     140
     148
     147
     134
     165
     185
     134
     150
     152
     130
     148
     153
     152
     158
     145
     154
     146
     135
     134
     153
     146
     168
     155
     153
     150
     142
     135
     141
     157
     171
     127
     150
     160
     155
     148
     168
     150
     148
     160
     154
     150
     147
     148
     151
     162
     171
     124
     165
     140
     145
     147
     153
     145
     151
     162
     137
     137
     164
     133
     130
     149
     147
     132
     156
     140
     185
     139
     152
     151
     153
     154
     130
     158
     158
     145
     171
     157
     142
     149
     164
     175
     144
     162
     151
     138
     136
     156
     140
     156
     141
     157
     170
     163
     124
     164
     149
     140
     163
     139
     156
     167
     140
     152
     136
     143
     135
     163
     141
     157
     141
     149
     142
     142
     185
     152
     173
     155
     167
     141
     133
     151
     156
     142
     156
     131
     153
     142
     154
     161
     149
     157
     157
     146
     145
     141
     133
     139
     148
     154
     153
     148
     160
     159
     144
     162
     140
     155
     145
     148
     158
     143
     167
     172
     147
     149
     152
     160
     167
     135
     140
     195
     141
     143
     157
     154
     155
     144
     142
     162
     176
     151
     146
     141
     134
     144
     147
     153
     156
     155
     159
     144
     137
     151
     171
     143
     149
     183
     164
     145
     142
     155
     168
     124
     163
     173
     167
     162
     124
     139
     148
     141
     138
     134
     158
     133
     163
     141
     142
     163
     148
     149
     148
     146
     153
     164
     168
     172
     178
     167
     150
     158
     150
     164
     146
     142
     165
     173
     150
     161
     176
     133
     157
     143
     140
     154
     144
     132
     148
     143
     151
     164
     135
     155
     152
     163
     182
     155
     136
     151
     153
     163
     162
     159
     150
     164
     163
     150
     134
     166
     163
     134
     139
     148
     138
     145
     143
     154
     142
     169
     137
     146
     167
     165
     136
     142
     172
     172
     112
     153
     161
     153
     144
     134
     148
     154
     153
     139
     154
     148
     142
     152
     170
     152
     175
     141
     147
     141
     143
     149
     142
     187
     142
     162
     156
     175
     174
     146
     193
     182
     196
     156
     169
     165
     184
     166
     149
     174
     153
     179
     158
     179
     168
     152
     149
     154
     177
     164
     147
     156
     156
     152
     155
     160
     136
     156
     144
     151
     139
     167
     142
     167
     131
     162
     134
     163
     151
     162
     155
     142
     179
     158
     157
     152
     142
     143
     150
     156
     164
     160
     177
     161
     159
     157
     160
     153
     150
     183
     149
     168
     151
     143
     173
     153
     141
     114
     150
     151
     156
     142
     158
     165
     156
     156
     140
     164
     155
     170
     156
     147
     138
     155
     173
     178
     173
     148
     177
     146
     124
     153
     143
     167
     150
     152
     163
     150
     157
     152
     147
     152
     147
     151
     135
     142
     163
     156
     162
     160
     157
     163
     151
     130
     169
     143
     137
     161
     150
     155
     174
     148
     153
     160
     157
     156
     174
     159
     159
     147
     144
     163
     187
     175
     160
     183
     179
     154
     138
     173
     157
     128
     162
     154
     136
     154
     175
     145
     155
     172
     141
     146
     154
     159
     141
     150
     129
     147
     153
     142
     165
     162
     165
     169
     168
     165
     164
     153
     169
     153
     156
     153
     164
     160
     153
     153
     146
     163
     154
     163
     173
     189
     152
     140
     172
     137
     152
     175
     157
     186
     154
     146
     150
     164
     164
     162
     155
     156
     127
     166
     169
     144
     181
     178
     155
     146
     166
     167
     159
     162
     144
     149
     154
     158
     162
     149
     145
     166
     163
     167
     157
     176
     155
     151
     159
     180
     176
     156
     164
     129
     160
     166
     154
     154
     157
     167
     142
     166
     159
     169
     155
     153
     153
     165
     141
     183
     168
     138
     160
     170
     147
     140
     179
     181
     166
     179
     154
     167
     159
     169
     196
     179
     168
     162
     180
     166
     170
     159
     147
     170
     192
     157
     201
     179
     169
     160
     175
     179
     157
     153
     168
     148
     178
     164
     151
     148
     191
     149
     168
     168
     160
     158
     137
     160
     161
     126
     144
     178
     170
     147
     168
     163
     169
     171
     159
     148
     184
     171
     161
     152
     158
     169
     161
     144
     162
     174
     171
     180
     176
     161
     164
     184
     187
     163
     166
     164
     156
     161
     136
     166
     183
     168
     166
     168
     166
     171
     180
     168
     143
     190
     153
     177
     170
     177
     177
     167
     185
     161
     186
     165
     168
     175
     157
     190
     163
     169
     182
     170
     175
     166
     171
     179
     188
     181
     177
     157
     179
     184
     181
     180
     181
     179
     173
     176
     160
     195
     173
     170
     151
     171
     159
     195
     180
     170
     164
     167
     182
     188
     156
     177
     153
     147
     173
     155
     185
     179
     189
     179
     153
     159
     178
     171
     177
     171
     179
     183
     192
     188
     195
     193
     179
     161
     177
     189
     175
     169
     162
     175
     172
     185
     171
     199
     177
     179
     166
     191
     171
     177
     191
     184
     197
     182
     180
     176
     190
     193
     170
     183
     178
     197
     164
     198
     185
     169
     169
     187
     189
     185
     171
     196
     203
     172
     186
     172
     198
     185
     174
     185
     170
     172
     203
     183
     175
     166
     182
     180
     183
     192
     212
     211
     191
     189
     181
     162
     169
     188
     202
     196
     180
     196
     184
     188
     184
     181
     166
     173
     207
     190
     166
     179
     191
     194
     160
     183
     174
     213
     177
     197
     197
     157
     169
     198
     179
     186
     195
     210
     210
     227
     198
     178
     197
     194
     183
     186
     223
     188
     191
     187
     207
     166
     178
     199
     200
     204
     210
     188
     192
     223
     205
     203
     209
     200
     214
     193
     220
     231
     221
     204
     198
     175
     190
     222
     202
     210
     203
     209
     208
     223
     218
     186
     207
     206
     203
     202
     208
     214
     226
     211
     217
     208
     220
     218
     214
     219
     189
     209
     209
     209
     219
     230
     200
     188
     227
     216
     202
     189
     214
     191
     207
     213
     202
     215
     239
     287
     346
     372
     341
     260
     233
     227
     231
     239
     197
     211
     205
     217
     221
     213
     203
     188
     200
     191
     247
     198
     214
     200
     206
     208
     230
     217
     227
     227
     211
     204
     243
     221
     231
     217
     228
     217
     242
     217
     208
     219
     192
     250
     253
     217
     235
     208
     227
     212
     237
     225
     237
     208
     255
     223
     253
     242
     267
     273
     261
     294
     231
     236
     226
     257
     223
     226
     238
     227
     253
     228
     224
     226
     236
     264
     245
     259
     255
     209
     218
     256
     250
     268
     231
     224
     257
     237
     208
     256
     248
     230
     238
     220
     243
     224
     248
     293
     250
     223
     224
     214
     263
     249
     240
     257
     238
     239
     268
     256
     248
     260
     254
     250
     247
     241
     252
     280
     279
     287
     301
     270
     266
     257
     235
     223
     227
     276
     256
     234
     244
     229
     237
     223
     225
     226
     219
     216
     211
     209
     186
     202
     197
     191
     203
     151
     182
     183
     164
     170
     185
     179
     160
     182
     160
     195
     149
     161
     197
     175
     185
     161
     141
     168
     149
     139
     167
     159
     180
     163
     172
     167
     157
     151
     146
     156
     154
     146
     166
     171
     151
     163
     165
     161
     149
     150
     146
     161
     152
     143
     156
     153
     151
     150
     146
     142
     147
     157
     155
     156
     137
     156
     137
     159
     131
     166
     141
     154
     175
     152
     150
     152
     143
     125
     136
     158
     136
     152
     159
     107
     145
     141
     148
     140
     141
     145
     141
     145
     161
     140
     119
     140
     131
     122
     142
     137
     143
     156
     133
     134
     135
     131
     140
     136
     131
     127
     143
     129
     137
     121
     119
     119
     147
     128
     116
     138
     135
     153
     119
     133
     125
     130
     117
     129
     140
     137
     140
     146
     134
     109
     129
     131
     122
     139
     126
     130
     136
     131
     124
     130
     121
     113
     115
     127
     107
     116
     142
     122
     109
     136
     127
     113
     113
     114
     121
     116
     110
     130
     114
     112
     106
     128
     127
     116
     118
     124
     131
     117
     126
     131
     107
     106
     105
     144
     119
     113
     129
     106
     109
     109
     104
     113
     124
     100
     104
     113
     105
     122
     112
     101
     104
     114
     103
     122
     103
     108
     115
      96
     126
     106
     104
     117
     113
      93
     128
     126
     125
      96
      92
      96
     105
     113
     117
      91
     100
      91
      94
     103
     105
     102
      90
      95
      88
      92
      78
      87
      87
      99
      96
     113
      93
     100
      93
      84
      81
      89
      84
      86
      57
      89
      86
     103
      88
      66
      72
      78
      69
      82
      92
     104
      71
      91
      85
      88
      87
      96
      84
      94
      86
      79
      89
      88
      83
     101
      82
      83
      79
      83
      70
      74
      76
      89
      85
      71
      76
      69
      73
      72
      70
      89
      65
      83
      92
      75
      80
      74
      70
      80
      81
      74
      74
      77
      87
      82
      83
      67
      70
      75
      88
      70
      72
      78
      66
      75
      84
      72
      76
      72
      91
      61
      75
      71
      78
      73
      69
      78
      66
      68
      68
      64
      81
      65
      73
      72
      74
      82
      78
      73
      70
      60
      62
      49
      69
      66
      65
      74
      91
     117
     181
     181
     173
     165
     117
      98
      83
      91
      67
      56
      79
      70
      67
      73
      64
      74
      52
      71
      64
      76
      68
      79
      56
      55
      77
      65
      61
      69
      62
      77
      70
      48
      64
      61
      76
      63
      75
      53
      70
      72
      73
      69
      57
      71
      78
      58
      62
      70
      61
      55
      68
      68
      66
      57
      57
      61
      75
      50
      65
      64
      57
      60
      68
      65
      65
      72
      66
      65
      53
      68
      65
      68
      63
      70
      67
      66
      55
      54
      65
      70
      70
      58
      61
      66
      67
      76
      58
      63
      56
      70
      56
      75
      61
      70
      59
      61
      71
      64
      63
      68
      72
      63
      78
      49
      61
      74
      62
      50
      54
      83
      40
      73
      64
      69
      66
      55
      65
      76
      67
      66
      58
      73
      68
      79
      77
      75
      63
      63
      67
      76
      61
      62
      75
      63
      72
      66
      62
      78
      63
      79
      54
      63
      71
      65
      53
      59
      60
      75
      69
      68
      74
      72
      67
      70
      73
      67
      62
      66
      58
      71
      62
      67
      50
      63
      72
      55
      58
      88
      71
      84
      83
      79
      82
      73
      83
      82
      91
      88
     163
     375
    1056
    2509
    4728
    6756
    7650
    6339
    4060
    2024
     832
     279
     105
      62
      63
      51
      53
      54
      68
      48
      57
      52
      49
      61
      55
      53
      60
      57
      66
      61
      56
      47
      47
      45
      54
      54
      37
      49
      41
      42
      57
      61
      52
      46
      57
      57
      55
      46
      55
      58
      55
      56
      56
      43
      48
      56
      48
      50
      46
      65
      39
      50
      68
      43
      58
      34
      60
      59
      49
      47
      65
      52
      35
      51
      48
      45
      59
      51
      49
      38
      52
      48
      53
      56
      56
      46
      39
      60
      60
      55
      66
      58
      59
      46
      57
      60
      59
      56
      59
      47
      59
      48
      46
      49
      50
      46
      48
      52
      50
      48
      47
      55
      52
      41
      42
      45
      52
      53
      59
      54
      60
      52
      53
      52
      56
      44
      47
      50
      55
      55
      50
      52
      44
      62
      47
      36
      44
      50
      49
      60
      49
      44
      44
      47
      51
      47
      55
      39
      51
      57
      44
      43
      40
      43
      47
      40
      45
      46
      49
      43
      41
      39
      39
      43
      43
      42
      46
      58
      47
      48
      46
      39
      33
      48
      60
      40
      37
      45
      54
      54
      55
      43
      52
      54
      48
      45
      49
      57
      51
      36
      42
      40
      46
      51
      52
      36
      46
      47
      49
      48
      40
      41
      36
      37
      52
      40
      53
      53
      56
      51
      56
      53
      51
      60
      48
      40
      63
      41
      48
      45
      58
      46
      56
      43
      64
      62
      62
     123
     147
     211
     253
     185
     160
      85
      46
      43
      43
      41
      54
      51
      39
      46
      42
      45
      36
      49
      50
      41
      45
      47
      48
      53
      50
      31
      52
      48
      40
      47
      57
      54
      40
      64
      50
      51
      50
      46
      47
      56
      39
      51
      38
      42
      31
      50
      36
      44
      37
      51
      54
      43
      60
      34
      44
      44
      56
      48
      65
      43
      58
      48
      57
      37
      50
      51
      47
      46
      49
      46
      40
      36
      44
      42
      52
      57
      58
      47
      42
      44
      40
      56
      55
      39
      42
      40
      48
      44
      48
      49
      43
      42
      46
      44
      50
      47
      51
      54
      46
      41
      50
      35
      46
      42
      43
      39
      47
      51
      54
      44
      35
      35
      57
      49
      47
      55
      55
      62
      44
      54
      42
      48
      54
      41
      39
      51
      36
      45
      47
      57
      44
      42
      35
      36
      46
      36
      37
      42
      37
      30
      47
      39
      48
      45
      43
      40
      36
      45
      41
      39
      52
      53
      36
      32
      47
      56
      43
      45
      40
      52
      47
      41
      41
      60
      49
      52
      49
      40
      41
      30
      52
      45
      38
      56
      39
      42
      34
      32
      49
      58
      44
      45
      58
      42
      39
      39
      39
      42
      43
      37
      44
      59
      53
      52
      38
      45
      33
      29
      45
      57
      30
      42
      46
      41
      47
      46
      41
      42
      45
      47
      49
      39
      62
      37
      45
      38
      49
      40
      47
      41
      36
      45
      43
      28
      53
      29
      33
      39
      39
      45
      39
      42
      42
      46
      44
      50
      54
      35
      42
      40
      36
      36
      38
      56
      39
      36
      53
      49
      39
      37
      46
      36
      33
      46
      37
      41
      34
      35
      39
      31
      34
      37
      49
      58
      51
      51
      55
      47
      41
      56
      55
      44
      44
      37
      40
      49
      49
      45
      52
      35
      36
      38
      57
      36
      35
      32
      45
      45
      47
      40
      49
      33
      36
      42
      46
      45
      37
      39
      46
      47
      45
      44
      48
      43
      37
      47
      37
      50
      42
      36
      43
      46
      41
      38
      28
      38
      39
      38
      42
      60
      34
      48
      45
      34
      47
      45
      43
      54
      39
      47
      44
      42
      44
      47
      39
      46
      44
      37
      47
      42
      43
      56
      42
      56
      35
      44
      36
      44
      36
      48
      38
      46
      44
      43
      44
      41
      48
      41
      39
      45
      36
      44
      40
      64
      31
      42
      48
      37
      39
      36
      50
      38
      43
      43
      54
      46
      45
      47
      45
      52
      42
      48
      42
      31
      40
      47
      43
      45
      34
      48
      44
      40
      56
      35
      37
      36
      45
      47
      32
      39
      43
      29
      40
      47
      39
      46
      49
      32
      49
      40
      40
      40
      42
      47
      33
      25
      28
      44
      43
      37
      44
      34
      43
      38
      46
      45
      60
      46
      37
      35
      38
      38
      49
      41
      55
      51
      28
      48
      69
      71
     110
     182
     258
     356
     321
     244
     159
     106
      73
      43
      41
      48
      50
      43
      37
      41
      39
      40
      38
      40
      47
      38
      46
      55
      35
      47
      45
      38
      40
      54
      44
      36
      43
      51
      63
      55
      73
      57
      68
      59
      36
      49
      49
      39
      49
      33
      43
      38
      42
      45
      42
      50
      37
      49
      44
      35
      36
      46
      36
      46
      37
      49
      39
      49
      47
      35
      43
      45
      35
      46
      34
      40
      57
      45
      46
      42
      44
      55
      35
      49
      45
      31
      41
      52
      44
      43
      56
      37
      51
      45
      35
      50
      41
      41
      50
      31
      52
      53
      29
      38
      48
      46
      52
      45
      49
      42
      38
      40
      36
      32
      43
      65
      33
      49
      41
      41
      43
      49
      41
      53
      31
      50
      35
      32
      42
      47
      40
      42
      37
      40
      47
      53
      45
      39
      39
      45
      26
      37
      45
      42
      47
      43
      35
      40
      52
      45
      41
      48
      42
      45
      49
      40
      41
      38
      36
      45
      46
      39
      52
      35
      58
      45
      36
      57
      50
      48
      39
      50
      44
      43
      48
      49
      38
      37
      41
      52
      61
      43
      54
      41
      49
      47
      43
      49
      38
      44
      43
      50
      40
      36
      51
      53
      34
      41
      52
      39
      40
      34
      50
      39
      48
      41
      43
      38
      51
      46
      45
      35
      57
      36
      41
      48
      42
      51
      57
      90
     156
     353
     589
     843
    1032
    1010
     790
     493
     305
     184
     104
      72
      59
      63
      67
      59
      62
      59
      58
      60
      51
      60
      62
      65
      38
      72
      52
      62
      64
      60
      57
      48
      59
      53
      61
      46
      59
      57
      54
      64
      50
      45
      68
      44
      46
      55
      61
      53
      62
      49
      46
      57
      53
      51
      60
      63
      44
      53
      48
      56
      55
      65
      52
      42
      61
      42
      58
      60
      83
      52
      47
      48
      59
      46
      37
      43
      48
      46
      55
      63
      62
      67
      78
      96
      74
      98
      67
      69
      46
      53
      74
      57
      53
      56
      62
      58
      49
      50
      45
      55
      64
      44
      53
      59
      57
      53
      53
      48
      40
      55
      61
      51
      55
      61
      49
      56
      75
      57
      46
      54
      38
      44
      50
      45
      75
      45
      49
      51
      58
      42
      63
      56
      52
      55
      48
      50
      64
      60
      60
      56
      61
      46
      60
      68
      52
      52
      59
      46
      48
      63
      53
      39
      51
      52
      60
      53
      45
      48
      53
      62
      57
      50
      58
      64
      55
      53
      47
      57
      59
      64
      43
      59
      50
      58
      58
      50
      59
      31
      63
      51
      45
      57
      49
      58
      63
      51
      61
      48
      52
      46
      46
      61
      60
      59
      43
      56
      49
      56
      60
      52
      49
      45
      59
      65
      52
      46
      64
      57
      48
      60
      72
      70
      49
      54
      46
      49
      48
      62
      55
      48
      55
      49
      61
      50
      45
      64
      47
      56
      59
      50
      51
      46
      56
      59
      51
      56
      58
      61
      61
      62
      52
      56
      48
      48
      38
      46
      53
      57
      57
      38
      50
      46
      52
      56
      54
      47
      60
      67
      57
      60
      37
      55
      58
      66
      69
      57
      56
      47
      52
      53
      56
      48
      55
      51
      50
      48
      48
      55
      54
      45
      63
      58
      53
      56
      50
      63
      60
      64
      57
      60
      54
      50
      57
      54
      60
      53
      65
      59
      44
      51
      49
      59
      67
      55
      64
      52
      49
      49
      57
      68
      61
      62
      51
      68
      62
      54
      44
      52
      51
      38
      62
      61
      52
      44
      47
      53
      57
      60
      55
      60
      54
      63
      54
      48
      71
      53
      48
      61
      53
      51
      57
      58
      55
      51
      55
      61
      51
      58
      52
      55
      44
      61
      44
      58
      59
      61
      64
      62
      58
      48
      52
      53
      53
      61
      55
      60
      64
      69
      63
      48
      57
      58
      75
      60
      72
      54
      52
      60
      57
      52
      51
      46
      54
      48
      43
      64
      53
      70
      58
      49
      46
      46
      63
      54
      53
      49
      53
      64
      62
      62
      78
      57
      54
      71
      49
      56
      52
      59
      46
      50
      64
      62
      71
      63
      55
      71
      59
      70
      46
      51
      44
      61
      61
      62
      53
      64
      65
      63
      61
      54
      54
      67
      56
      54
      66
      64
      74
      70
      59
      61
      58
      58
      54
      65
      53
      69
      65
      51
      67
      56
      61
      64
      69
      60
      71
      64
      62
      62
      67
      63
      75
      68
      67
      47
      70
      54
      54
      55
      44
      50
      53
      62
      61
      57
      63
      58
      46
      49
      65
      57
      76
      58
      62
      58
      57
      56
      62
      65
      64
      77
      60
      59
      61
      59
      59
      75
      69
      52
      64
      60
      60
      50
      59
      48
      58
      52
      62
      70
      66
      61
      57
      51
      52
      63
      55
      51
      56
      45
      58
      58
      47
      67
      56
      46
      55
      64
      54
      47
      52
      47
      58
      47
      50
      63
      65
      53
      34
      72
      72
      52
      49
      50
      56
      60
      68
      74
      50
      54
      59
      54
      57
      61
      66
      66
      35
      53
      48
      62
      65
      50
      57
      63
      53
      44
      60
      56
      70
      67
      59
      61
      42
      54
      50
      63
      49
      68
      54
      71
      54
      71
      53
      56
      42
      66
      55
      60
      55
      64
      61
      71
      49
      67
      57
      51
      58
      52
      60
      62
      54
      52
      65
      69
      64
      57
      52
      64
      57
      55
      62
      66
      53
      68
      69
      51
      56
      55
      60
      68
      57
      42
      61
      62
      59
      58
      52
      75
      43
      70
      64
      59
      54
      64
      59
      66
      56
      54
      62
      53
      62
      56
      46
      60
      67
      51
      52
      59
      64
      55
      57
      45
      56
      66
      61
      55
      60
      49
      52
      54
      55
      67
      54
      51
      68
      58
      62
      72
      53
      59
      53
      55
      55
      63
      58
      56
      53
      63
      60
      70
      49
      51
      62
      69
      61
      42
      53
      53
      59
      57
      60
      61
      67
      55
      61
      56
      60
      45
      55
      51
      66
      51
      63
      57
      50
      51
      46
      60
      57
      59
      71
      54
      55
      59
      58
      59
      66
      56
      57
      58
      61
      56
      51
      52
      62
      49
      61
      56
      44
      62
      54
      52
      51
      57
      60
      64
      69
      61
      61
      51
      60
      68
      46
      51
      59
      58
      48
      50
      66
      48
      50
      55
      65
      52
      54
      47
      70
      59
      55
      61
      77
      52
      58
      56
      57
      56
      60
      54
      57
      58
      69
      83
      60
      72
      78
      51
      65
      52
      71
      48
      60
      54
      52
      62
      58
      52
      60
      57
      62
      58
      49
      65
      52
      61
      53
      62
      65
      55
      64
      65
      60
      65
      59
      65
      54
      64
      52
      50
      66
      61
      68
      60
      58
      61
      63
      65
      77
      69
      63
      56
      54
      53
      57
      67
      50
      57
      68
      57
      52
      57
      67
      56
      49
      66
      56
      67
      54
      66
      57
      67
      61
      64
      62
      52
      63
      44
      55
      48
      62
      62
      70
      71
      59
      47
      58
      41
      49
      60
      58
      50
      54
      48
      51
      61
      58
      42
      58
      45
      45
      49
      51
      66
      49
      60
      66
      63
      38
      44
      41
      48
      52
      52
      53
      51
      57
      55
      55
      49
      58
      61
      46
      59
      46
      51
      53
      52
      51
      56
      57
      58
      53
      46
      47
      42
      69
      68
      49
      60
      56
      50
      46
      57
      65
      41
      50
      64
      60
      55
      35
      48
      60
      57
      60
      61
      52
      53
      62
      51
      63
      69
      71
      53
      61
      61
      57
      59
      49
      53
      50
      51
      62
      41
      63
      55
      56
      67
      59
      53
      62
      46
      44
      48
      64
      55
      37
      44
      57
      62
      39
      44
      59
      50
      55
      43
      54
      64
      47
      36
      69
      40
      58
      52
      46
      61
      50
      56
      56
      54
      50
      70
      59
      40
      50
      42
      70
      53
      58
      69
      44
      57
      79
      50
      52
      54
      49
      50
      58
      53
      50
      42
      39
      52
      53
      54
      48
      60
      61
      52
      46
      56
      56
      45
      55
      43
      52
      52
      46
      59
      62
      61
      53
      42
      48
      53
      51
      45
      51
      46
      59
      48
      49
      44
      42
      48
      56
      34
      47
      49
      63
      58
      46
      48
      52
      59
      51
      47
      51
      65
      55
      57
      42
      62
      53
      43
      58
      65
      54
      70
      65
      94
     101
     192
     259
     292
     302
     236
     203
     148
     103
      58
      60
      48
      53
      52
      62
      49
      65
      67
      48
      52
      48
      45
      38
      53
      48
      62
      55
      57
      55
      53
      48
      76
      51
      37
      50
      47
      58
      49
      55
      52
      59
      44
      52
      41
      59
      47
      56
      50
      53
      54
      47
      47
      50
      54
      64
      58
      59
      44
      60
      54
      68
      61
      69
      55
      56
      50
      62
      54
      65
      52
      52
      56
      62
      57
      48
      54
      61
      59
      53
      56
      50
      54
      53
      62
      51
      47
      52
      67
      54
      55
      70
      43
      47
      68
      74
      58
      52
      52
      41
      44
      54
      58
      48
      58
      63
      49
      62
      57
      50
      42
      44
      59
      50
      59
      47
      43
      45
      64
      56
      57
      46
      44
      55
      52
      45
      50
      64
      59
      56
      68
      57
      52
      63
      56
      49
      55
      57
      58
      48
      66
      61
      52
      58
      54
      46
      52
      40
      63
      40
      51
      60
      56
      54
      57
      65
      50
      47
      59
      59
      51
      45
      38
      61
      53
      42
      67
      61
      56
      58
      69
      55
      63
      56
      57
      63
      57
      65
      62
      84
      96
      93
     123
     187
     233
     321
     370
     447
     482
     445
     410
     306
     259
     198
     167
     109
      92
      70
      74
      65
      66
      55
      65
      72
      75
      56
      73
      60
      50
      53
      47
      56
      38
      49
      61
      62
      63
      70
      55
      58
      60
      58
      59
      55
      67
      54
      48
      61
      72
      40
      61
      66
      59
      60
      64
      61
      70
      68
      52
      67
      51
      55
      69
      58
      54
      63
      60
      58
      49
      81
      48
      58
      53
      50
      54
      59
      68
      63
      67
      70
      55
      60
      46
      59
      55
      54
      62
      63
      51
      58
      63
      63
      68
      62
      64
      57
      66
      79
      55
      60
      50
      58
      59
      51
      50
      54
      63
      53
      65
      62
      50
      75
      50
      52
      66
      53
      57
      54
      56
      47
      65
      53
      60
      63
      58
      60
      49
      51
      75
      67
      53
      59
      60
      55
      60
      61
      64
      53
      57
      81
      58
      49
      67
      50
      54
      57
      60
      63
      65
      65
      57
      67
      57
      68
      63
      46
      52
      51
      61
      70
      49
      69
      54
      53
      61
      74
      67
      68
      60
      55
      63
      62
      56
      55
      59
      53
      46
      77
      62
      76
      65
      58
      49
      75
      51
      48
      54
      59
      78
      60
      60
      73
      59
      57
      49
      63
      73
      57
      78
      65
      60
      58
      73
      81
      57
      62
      59
      60
      70
      73
      78
      64
      62
      62
      73
      58
      79
      65
      57
      61
      70
      69
      63
      70
      51
      72
      71
      66
      67
      62
      63
      61
      57
      66
      66
      58
      72
      61
      71
      52
      56
      59
      59
      65
      73
      61
      71
      79
      52
      58
      42
      79
      73
      70
      52
      58
      65
      75
      56
      53
      68
      52
      59
      63
      52
      68
      71
      70
      67
      65
      64
      73
      63
      83
      69
      64
      48
      63
      76
      63
      62
      67
      48
      76
      57
      79
      70
      52
      72
      72
      67
      83
      60
      53
      64
      76
      68
      77
      56
      70
      61
      57
      57
      68
      71
      67
      67
      71
      70
      68
      66
      60
      70
      64
      73
      73
      78
      70
      72
      73
      69
      70
      77
      57
      54
      68
      75
      91
      65
      60
      69
      65
      75
      55
      66
      69
      63
      68
      72
      67
      69
      82
      77
      66
      64
      79
      69
      83
      66
      67
      65
      58
      67
      64
      63
      67
      57
      68
      74
      58
      70
      68
      64
      63
      78
      69
      77
      94
      86
      64
      68
      83
      58
      58
      67
      80
      62
      74
      70
      72
      66
      81
      72
      68
      78
      80
      63
      84
      73
      76
      71
      62
      73
      62
      75
      77
      69
      70
      64
      68
      73
      82
      72
      67
      79
      72
      83
      68
      64
      71
      72
      78
      66
      79
      75
      57
      48
      82
      83
      80
      65
      71
      76
      77
      85
      79
      80
      67
      71
      68
      68
      66
      65
      83
      86
      74
      75
      66
      80
      58
      74
      77
      75
      74
      94
      80
      69
      79
      67
      73
      78
      61
      80
      65
      75
      67
      74
      78
      81
      66
      76
      84
      86
      69
      89
      69
      77
      74
      69
      97
      76
      74
      83
      62
      73
      72
      70
      74
      83
      87
      63
      89
      76
      74
      88
      88
      87
      80
      73
      75
     100
      94
      70
      83
      61
      75
      72
      93
      77
      73
      82
      82
      74
      93
      71
      86
      72
      81
      94
      84
      82
      66
      83
      94
      84
      75
      80
      99
      76
      66
      80
      84
      83
      75
      94
      92
      82
      80
      81
      88
      76
      93
      65
      64
     106
      95
      78
      85
      80
      94
      70
      69
      91
      87
      76
      91
      83
     109
      98
      72
      89
      82
      83
      99
     100
      96
      95
      79
      99
      98
      93
     101
      83
      76
      90
      83
     103
      77
      83
      72
      78
      89
      70
      76
      81
      74
     101
      98
      96
      84
      78
      96
      85
      80
      95
      89
      77
     103
      98
      76
      90
      80
      89
     106
      92
     108
      90
      87
      89
      94
     109
      70
      86
      81
      86
      78
      90
      86
      88
      96
     101
      97
      98
      93
      95
      81
      97
      92
     112
     100
      98
      99
      98
     121
      85
      93
      96
      89
      92
      96
      92
     101
      97
      90
      94
     119
     112
      98
      94
      99
      90
      97
      95
      99
     107
      92
     103
     105
     109
      96
      92
      87
     106
     102
      92
      84
      76
     119
      84
     107
      94
      93
     103
     105
      98
      97
      77
     110
      81
      96
      89
      95
      83
      87
      97
     124
      89
      81
      97
      79
      70
      91
      91
      80
      76
      81
      62
      66
      68
      64
      69
      86
      75
      66
      69
      70
      54
      72
      70
      61
      63
      59
      55
      60
      51
      61
      50
      60
      57
      58
      49
      61
      54
      62
      60
      47
      65
      72
      53
      60
      46
      67
      63
      69
      55
      68
      58
      52
      59
      52
      60
      59
      46
      61
      47
      52
      55
      69
      50
      43
      60
      40
      43
      58
      53
      53
      47
      65
      60
      56
      52
      60
      59
      55
      50
      57
      54
      44
      53
      57
      54
      66
      58
      50
      52
      45
      53
      51
      53
      58
      63
      50
      64
      56
      46
      57
      54
      53
      50
      48
      56
      43
      54
      54
      49
      54
      56
      38
      29
      58
      51
      51
      53
      54
      50
      63
      55
      60
      52
      49
      50
      53
      50
      57
      44
      39
      46
      56
      54
      44
      46
      47
      42
      51
      42
      43
      41
      36
      45
      48
      47
      48
      50
      57
      60
      57
      46
      45
      54
      51
      48
      52
      46
      45
      40
      45
      47
      49
      42
      36
      32
      41
      50
      40
      45
      44
      46
      43
      48
      35
      31
      42
      50
      42
      30
      61
      36
      42
      37
      33
      39
      38
      30
      46
      51
      49
      31
      39
      31
      37
      34
      40
      47
      38
      40
      52
      37
      40
      40
      29
      35
      34
      33
      42
      45
      32
      39
      37
      35
      42
      37
      35
      35
      35
      30
      41
      34
      32
      34
      31
      30
      30
      31
      25
      34
      31
      39
      33
      39
      43
      51
      56
      48
      47
      45
      31
      29
      31
      23
      36
      25
      34
      26
      27
      36
      38
      25
      30
      21
      35
      33
      34
      24
      34
      32
      20
      19
      27
      16
      28
      21
      26
      28
      21
      33
      31
      21
      26
      30
      30
      18
      35
      19
      25
      18
      23
      22
      22
      21
      29
      21
      20
      32
      29
      22
      32
      23
      22
      28
      20
      24
      16
      15
      24
      19
      26
      22
      29
      23
      17
      30
      18
      15
      17
      20
      19
      19
      21
      16
      21
      18
      21
      16
      17
      21
      16
      20
      24
      18
      20
      13
       8
      11
      17
      22
      15
      13
      10
      17
      19
      10
      14
      14
      12
      14
      15
      13
      15
      18
      18
      10
      12
      20
      11
      12
      17
      13
      13
      15
      14
      15
      10
      13
      12
      11
      21
       9
      15
      19
      10
      14
      11
      17
      13
      11
      19
       5
      13
      16
      12
       7
      14
      10
      11
      16
       9
       9
       9
       8
      13
      13
      10
      11
      12
      11
      20
       6
       7
      14
       7
       9
      11
       6
      13
       9
      11
       8
      15
       6
      15
      19
      21
       5
       6
      12
       8
       6
      17
       7
      12
      15
      14
       9
      16
       8
      11
      14
      11
      13
      12
      15
      16
       9
      14
       8
      12
      14
       9
       7
      13
      11
      12
      13
      12
      12
      10
      10
      11
      10
      11
      12
       9
      11
      11
      17
      13
       7
      10
      10
       9
      14
      11
       7
      12
      14
      11
      11
      11
       9
       7
      10
       9
      12
       7
      18
       5
       7
      10
      11
      12
       8
      14
      13
       9
      17
      13
       9
      12
       6
      13
       9
      12
      11
       8
       7
       5
      10
       9
      16
      13
      11
      14
       6
       5
       9
      13
       9
      13
      11
       9
      14
       9
       7
       8
       9
      11
       9
      16
      10
      11
      12
       6
      14
      18
      13
      14
      12
       9
      10
      13
       9
       6
      11
      11
      11
      11
       8
      16
      10
       8
      10
       9
      12
      15
      10
       7
       8
      11
       8
      13
      12
      14
      12
       8
      11
      15
      16
       9
       9
      15
      12
      14
      18
      15
       8
      13
      24
      14
      20
      13
      28
      39
      87
     206
     412
     783
    1357
    1985
    2394
    2708
    2431
    1933
    1323
     783
     413
     191
      62
      25
      10
       3
       3
       3
       1
       2
       4
       8
      12
       6
       4
       7
       3
      10
       7
       4
       2
       4
       9
       4
       5
       3
       5
       8
       1
       4
       7
       1
       3
       3
       3
       5
       4
       5
       4
       5
       5
       4
       3
       4
       2
       1
       3
       1
       8
       3
       3
       3
       2
       2
       6
       5
       1
       6
       2
       5
       3
       0
       4
       2
       5
       1
       4
       3
       7
       2
       3
       2
       3
       4
       3
       9
       1
       7
       6
       3
       7
       0
       2
       0
       1
       5
       1
       4
       5
       4
       4
       3
       3
       2
       2
       2
       8
       5
       5
       3
       3
       2
       6
       4
       4
       7
       4
       2
       3
       7
       5
       3
       3
       3
       1
       6
       5
       3
       2
       1
       4
       3
       1
       4
       4
       4
       5
       5
       0
       7
       1
       6
       3
       4
       0
       2
       3
       6
       6
       5
       1
       1
       4
       2
       4
       1
       3
       7
       5
       4
       2
       4
       4
       4
       5
       5
       3
       3
       3
       0
       5
       2
       1
       2
       3
       3
       2
       1
       5
       4
       4
       3
       5
       4
       1
       2
       3
       4
       4
       4
       3
       4
       2
       5
       9
       1
       3
       1
       2
       5
       5
       4
       6
       3
       2
       3
       2
       5
       4
       1
       4
       8
       0
       4
       3
       5
       3
       3
       8
       2
       5
       0
       7
       4
       3
       1
       7
       3
       0
       6
       2
       6
       2
       3
       2
       3
       2
       3
       2
       1
       5
       5
       3
       4
       5
       3
       5
       1
       6
       6
       4
       4
       2
       4
       4
       8
       3
       3
       3
       4
       7
       2
       5
       0
       3
       2
       3
       2
       1
       3
       1
       6
       6
       2
       4
       2
       3
       2
       3
       2
       2
       7
       3
       4
       2
       2
       2
       1
       7
       3
       6
       4
       3
       2
       4
       1
       7
       3
       4
       3
       1
       0
       2
       3
       3
       3
       0
       6
       4
       6
       4
       2
       7
       3
       4
       3
       2
       4
       9
       4
       4
       3
       5
       4
       3
       9
       2
       4
       2
       0
       5
       1
       3
       2
       5
       6
       3
       2
       3
       1
       3
       1
       3
       0
       1
       3
       2
       1
       5
       6
       2
       1
       3
       3
       2
       5
       4
       3
       0
       1
       0
       1
       6
       3
       3
       1
       3
       2
       1
       4
       2
       2
       5
       1
       3
       4
       4
       2
       3
       1
       6
       5
       1
       2
       4
       1
       2
       7
       5
       1
       2
       2
       1
       2
       0
       2
       4
       5
       2
       3
       5
       2
       1
       1
       2
       3
       1
       4
       2
       2
       2
       4
       6
       7
       2
       4
       4
       4
       2
       3
       1
       4
       2
       3
       1
       2
       2
       6
       3
       0
       3
       1
       4
       0
       3
       3
       0
       1
       2
       2
       4
       5
       6
       2
       1
       2
       2
       3
       1
       4
       2
       3
       2
       2
       1
       4
       5
       4
       4
       4
       4
       1
       4
       4
       0
       2
       6
       4
       4
       4
       5
       3
       1
       0
       2
       3
       7
       2
       2
       5
       2
       1
       2
       2
       5
       3
       3
       0
       4
       2
       4
       5
       0
       3
       3
       6
       2
       2
       1
       4
       5
       4
       2
       3
       8
       4
       3
       3
       3
       3
       2
       3
       7
       1
       2
       2
       4
       4
       1
       3
       1
       2
       4
       1
       0
       6
       4
       4
       1
       3
       1
       6
       3
       2
       3
       2
       2
       3
       1
       2
       2
       1
       2
       3
       2
       3
       1
       1
       5
       3
       2
       4
       5
       1
       4
       3
       4
       0
       5
       5
       1
       2
       2
       4
       2
       2
       2
       1
       4
       4
       4
       2
       3
       0
       2
       3
       2
       3
       2
       2
       2
       0
       4
       3
       0
       6
       6
       6
       3
       2
       2
       3
       4
       0
       4
       1
       0
       0
       3
       1
       2
       1
       2
       2
       2
       2
       4
       2
       1
       1
       4
       2
       1
       3
       3
       1
       1
       2
       3
       4
       3
       2
       3
       1
       3
       2
       5
       6
       6
       1
       1
       4
       2
       4
       3
       4
       4
       3
       0
       1
       0
       1
       1
       3
       2
       5
       4
       2
       4
       5
       3
       1
       3
       3
       4
       2
       2
       1
       5
       3
       4
       2
       4
       1
       1
       1
       1
       3
       3
       0
       3
       1
       1
       4
       0
       3
       2
       2
       3
       2
       1
       3
       3
       2
       4
       1
       2
       4
       3
       1
       1
       1
       3
       3
       4
       3
       1
       2
       1
       2
       2
       5
       5
       2
       2
       1
       0
       1
       5
       1
       1
       3
       4
       4
       5
       4
       3
       3
       0
       3
       4
       1
       2
       0
       2
       3
       3
       0
       4
       2
       2
       2
       3
       0
       2
       4
       1
       0
       3
       1
       3
       2
       0
       2
       3
       3
       6
       1
       4
       1
       6
       2
       0
       3
       2
       5
       4
       1
       2
       4
       5
       2
       1
       2
       1
       1
       5
       1
       2
       2
       1
       1
       3
       4
       0
       5
       2
       2
       2
       3
       2
       3
       4
       2
       4
       2
       1
       2
       4
       3
       2
       4
       1
       4
       3
       1
       1
       4
       0
       2
       3
       6
       3
       2
       5
       1
       0
       2
       3
       1
       1
       1
       3
       2
       4
       1
       1
       6
       3
       2
       1
       3
       5
       4
       4
       1
       2
       2
       1
       1
       4
       1
       0
       4
       2
       0
       3
       1
       4
       1
       4
       1
       4
       5
       4
      10
       6
       3
       6
       5
       4
       5
       6
       1
       3
       2
       0
       2
       1
       5
       1
       2
       1
       0
       6
       0
       1
       2
       1
       2
       1
       2
       2
       5
       2
       0
       2
       3
       1
       4
       0
       0
       1
       3
       2
       4
       2
       2
       1
       0
       4
       2
       1
       3
       2
       3
       2
       2
       3
       4
       6
       5
       3
       3
       0
       1
       5
       1
       3
       3
       1
       2
       3
       3
       2
       1
       3
       1
       1
       3
       3
       3
       1
       4
       0
       2
       3
       1
       2
       5
       2
       2
       8
       1
       3
       2
       5
       0
       2
       2
       5
       0
       4
       1
       2
       1
       2
       2
       2
       5
       4
       1
       1
       0
       3
       1
       0
       2
       0
       2
       0
       3
       2
       3
       2
       3
       4
       1
       3
       0
       1
       1
       2
       4
       1
       1
       2
       1
       5
       3
       3
       3
       2
       2
       2
       0
       2
       0
       3
       1
       3
       2
       3
       1
       4
       1
       3
       1
       1
       2
       1
       3
       3
       0
       6
       0
       3
       2
       3
       0
       2
       3
       4
       3
       2
       3
       5
       1
       1
       0
       1
       2
       1
       2
       1
       1
       0
       1
       1
       2
       3
       2
       1
       5
       2
       1
       0
       2
       0
       1
       3
       0
       5
       4
       1
       3
       2
       2
       2
       5
       5
       4
       5
       1
       0
       2
       3
       3
       4
       3
       2
       1
       4
       2
       2
       1
       4
       3
       6
       3
       0
       1
       1
       3
       4
       7
       1
       2
       4
       3
       4
       0
       2
       2
       3
       2
       3
       3
       0
       1
       2
       4
       1
       3
       4
       1
       4
       2
       2
       5
       3
       1
       3
       2
       0
       3
       3
       3
       2
       1
       2
       0
       0
       1
       3
       0
       3
       5
       4
       2
       1
       3
       1
       2
       1
       2
       0
       0
       1
       5
       4
       3
       2
       3
       1
       5
       1
       3
       3
       1
       3
       3
       7
       2
       3
       2
       2
       2
       1
       1
       5
       1
       3
       0
       0
       2
       0
       1
       1
       2
       1
       5
       2
       1
       4
       2
       2
       3
       2
       2
       3
       1
       1
       4
       0
       0
       1
       0
       0
       0
       8
       1
       2
       2
       2
       1
       0
       4
       1
       2
       0
       0
       2
       3
       3
       1
       1
       1
       2
       2
       4
       3
       3
       1
       1
       5
       4
       1
       1
       4
       2
       3
       1
       2
       4
       2
       1
       1
       2
       2
       1
       1
       1
       4
       3
       3
       0
       0
       2
       1
       5
       4
       3
       3
       1
       2
       1
       1
       1
       4
       3
       5
       1
       0
       2
       2
       1
       3
       1
       2
       0
       3
       3
       0
       3
       5
       1
       1
       1
       1
       3
       3
       3
       1
       0
       1
       1
       2
       1
       3
       3
       2
       1
       3
       1
       2
       1
       1
       2
       0
       2
       0
       0
       2
       3
       1
       0
       2
       5
       5
       0
       1
       3
       3
       5
       1
       2
       2
       3
       3
       6
       2
       1
       3
       2
       4
       3
       3
       2
       3
       2
       1
       1
       2
       1
       2
       1
       1
       2
       2
       4
       1
       3
       3
       2
       1
       2
       3
       1
       5
       0
       0
       0
       0
       2
       0
       0
       1
       2
       5
       2
       2
       0
       3
       1
       1
       0
       0
       2
       5
       1
       1
       3
       3
       5
       2
       1
       4
       0
       6
       1
       1
       2
       4
       1
       4
       2
       2
       3
       1
       1
       3
       3
       2
       4
       2
       2
       5
       2
       4
       0
       0
       0
       0
       0
       0
       0
       0
       0
       0
       0
       0
       0
       0
       0
       0
       0
       0
       0
       0
       0
       0
       0
       0
       0
       0
       0
       0
       0
       0
       0
       0
       0
       0
       0
       0
       0
       0
       0
       0
       0
       0
       0
       0
       0
       0
       0
       0
       0
       0
       0
       0
       0
       0
       0
       0
       0
       0
       0
       0
       0
       0
       0
       0
       0
       0
       0
       0
       0
       0
       0
       0
       0
       0
       0
       0
       0
       0
       0
       0
       0
       0
       0
       0
       0
       0
       0
       0
       0
       0
       0
       0
       0
       0
       0
       0
       0
       0
       0
       0
       0
       0
       0
       0
       0
       0
       0
       0
       0
       0
       0
       0
       0
       0
       0
       0
       0
       0
       0
       0
       0
       0
       0
       0
       0
       0
       0
       0
