0
0
0
0
0
0
0
0
0
0
0
0
0
0
0
0
0
0
0
0
0
0
0
0
0
0
0
0
0
0
0
0
0
0
0
0
0
0
0
0
0
0
0
0
0
0
0
0
0
0
0
0
0
0
0
0
0
0
0
0
0
0
0
0
0
0
0
0
0
0
0
0
0
0
0
0
0
0
17
50
433
1496
1554
1523
1528
1563
1609
1819
1794
1694
1588
1447
1400
1452
1394
1427
1464
1334
1337
1350
1327
1380
1365
1402
1336
1395
1373
1310
1327
1325
1376
1408
1419
1346
1248
1349
1334
1386
1306
1354
1329
1350
1322
1344
1282
1302
1314
1316
1333
1282
1358
1391
1316
1369
1335
1396
1301
1332
1413
1348
1285
1339
1285
1390
1322
1320
1327
1413
1343
1365
1424
1318
1319
1339
1389
1366
1377
1362
1376
1378
1416
1365
1427
1353
1433
1444
1464
1433
1440
1390
1504
1450
1454
1412
1515
1415
1452
1420
1447
1415
1525
1471
1531
1475
1510
1542
1483
1603
1485
1494
1505
1470
1512
1530
1495
1507
1520
1545
1446
1470
1539
1485
1533
1465
1475
1553
1541
1523
1481
1608
1494
1553
1515
1585
1487
1573
1488
1570
1524
1517
1519
1446
1482
1503
1574
1586
1552
1506
1569
1508
1502
1508
1479
1455
1527
1471
1573
1562
1448
1553
1541
1548
1545
1519
1496
1527
1563
1565
1504
1491
1630
1528
1528
1560
1578
1484
1540
1566
1603
1607
1595
1529
1557
1611
1570
1593
1573
1528
1566
1538
1515
1518
1527
1645
1562
1517
1533
1563
1596
1682
1638
1585
1584
1612
1552
1503
1532
1569
1562
1483
1597
1556
1558
1537
1548
1576
1568
1558
1594
1526
1480
1479
1693
1508
1516
1628
1577
1549
1559
1462
1519
1567
1515
1524
1517
1520
1503
1532
1585
1555
1553
1485
1491
1484
1574
1527
1508
1398
1523
1501
1499
1492
1521
1474
1480
1505
1421
1476
1528
1498
1490
1435
1439
1475
1536
1477
1500
1446
1513
1416
1473
1407
1508
1435
1547
1381
1402
1464
1450
1422
1444
1410
1467
1426
1421
1429
1492
1478
1406
1463
1480
1456
1435
1448
1467
1409
1471
1458
1377
1348
1407
1428
1440
1460
1414
1385
1408
1467
1394
1426
1387
1393
1404
1367
1409
1420
1420
1421
1379
1363
1420
1414
1408
1369
1345
1334
1425
1352
1319
1413
1376
1396
1392
1361
1442
1432
1357
1355
1317
1432
1360
1297
1396
1383
1418
1420
1406
1381
1401
1474
1352
1401
1415
1442
1414
1444
1423
1485
1474
1447
1425
1423
1508
1557
1569
1596
1726
1690
1802
1855
1934
1997
2013
2109
2057
2018
2002
2124
2110
2066
1921
1990
1963
2066
2020
1973
1898
1907
1934
1952
1879
1901
1849
1870
1824
1787
1752
1763
1773
1738
1805
1698
1692
1710
1671
1733
1685
1620
1608
1619
1563
1597
1531
1569
1511
1523
1522
1533
1531
1456
1485
1496
1458
1469
1435
1458
1464
1392
1318
1326
1407
1304
1284
1307
1387
1364
1321
1360
1316
1316
1273
1282
1277
1241
1214
1189
1255
1169
1201
1204
1201
1175
1170
1184
1215
1157
1126
1199
1100
1178
1123
1105
1152
1131
1119
1090
1115
1079
1097
1028
1095
1108
1056
1090
1127
1067
1094
1094
1027
1059
1033
1033
1011
1110
1012
1103
1018
1045
1002
1080
990
1071
993
926
1037
964
1062
1009
1041
1130
1146
1125
1048
991
1011
1006
1012
970
1020
1040
976
1065
1011
974
943
974
1000
944
999
932
988
938
991
962
931
949
959
872
888
934
957
943
897
950
952
871
925
950
903
905
960
923
953
883
911
892
946
935
924
864
927
932
911
949
870
973
905
866
913
880
855
929
916
878
875
910
869
896
892
934
841
876
872
903
829
921
942
890
840
852
882
894
866
881
868
877
882
872
862
855
849
910
890
869
904
890
844
808
867
855
844
853
835
889
864
821
840
858
851
915
852
831
850
820
839
866
847
853
845
867
873
822
823
820
831
829
827
830
793
826
780
824
882
819
788
844
821
908
884
855
818
851
837
787
855
846
833
851
784
813
882
868
842
874
808
844
855
801
813
797
784
796
796
789
758
811
799
840
825
800
793
816
807
812
783
804
774
808
776
811
803
775
774
744
808
790
791
808
783
764
805
793
804
794
824
827
774
817
788
775
810
761
834
788
772
761
773
747
744
748
786
770
792
773
782
796
806
843
837
779
798
806
809
770
790
781
821
771
772
782
812
782
800
800
777
803
792
807
789
792
749
829
781
802
762
788
800
781
771
809
762
827
813
754
762
843
759
800
826
770
775
791
794
795
818
782
804
852
769
789
780
828
833
801
836
861
906
841
745
815
849
819
816
755
825
908
903
851
816
793
843
772
802
796
744
770
841
792
774
812
830
843
824
788
742
783
839
780
779
786
822
774
791
807
811
847
825
812
801
828
796
768
812
758
829
800
798
783
796
785
787
794
786
764
782
807
834
798
846
861
812
841
857
818
786
824
799
822
831
810
895
831
821
809
871
802
798
795
793
817
797
804
811
837
801
814
834
846
816
843
850
844
874
823
820
852
839
849
836
856
851
863
889
855
855
828
856
876
842
864
822
850
925
876
818
877
867
864
904
830
856
858
860
852
868
863
883
870
852
857
860
911
857
866
903
866
845
862
922
867
889
944
915
927
905
900
877
878
909
941
862
909
887
897
940
892
886
877
884
887
913
896
839
903
898
962
946
927
905
962
903
973
932
916
940
888
919
973
944
965
947
971
995
999
896
930
961
968
970
939
956
950
930
962
931
992
987
947
961
1021
952
1028
971
992
955
980
1041
1036
1029
967
968
998
943
936
1026
1014
1005
1038
1033
1034
994
1035
1028
1055
1051
1044
1043
1008
1035
996
1073
1040
1016
1036
1061
1076
1020
1074
1043
1019
975
1097
1039
964
1070
984
1104
1110
994
1122
1104
1143
1068
1077
1180
1055
1043
1122
1075
1085
1126
1086
1139
1069
1103
1103
1124
1145
1075
1100
1055
1118
1029
1190
1105
1100
1081
1103
1109
1126
1107
1161
1076
1151
1070
1152
1095
1061
1081
1074
1076
1084
1076
1046
1010
989
985
980
931
883
916
904
837
780
799
791
739
711
732
793
675
686
672
731
660
666
665
673
594
644
640
597
592
624
617
597
534
612
636
584
542
556
580
585
532
556
561
521
508
538
537
543
528
517
572
507
536
532
523
510
494
544
494
510
468
452
473
463
481
473
492
490
440
498
486
479
424
457
482
480
484
471
431
466
489
497
427
460
454
435
462
467
472
473
450
456
454
416
412
420
397
459
451
398
383
424
402
393
364
377
367
381
402
419
389
375
370
401
341
378
422
366
341
385
347
356
348
363
342
378
343
353
355
340
333
315
354
340
357
322
328
337
305
330
304
347
328
331
312
273
296
342
331
311
309
317
293
285
264
266
293
278
298
254
262
290
283
302
238
281
285
273
252
248
233
265
262
241
263
236
249
238
251
244
248
242
254
219
266
210
249
244
234
229
211
192
217
180
193
225
214
217
192
195
192
207
190
224
216
186
203
185
179
193
186
183
196
176
177
190
182
189
171
176
183
161
174
172
169
160
158
174
181
174
145
194
184
150
177
169
148
178
155
148
153
158
179
154
161
157
157
145
148
163
137
179
154
132
150
168
138
158
147
164
161
163
181
175
185
160
174
145
156
127
139
133
147
157
170
167
154
122
155
142
139
144
132
148
127
126
155
173
153
158
135
132
153
144
135
147
139
132
158
120
133
137
156
139
142
131
148
134
128
144
145
137
129
136
124
143
124
148
131
140
123
133
119
133
148
166
188
211
187
161
121
128
128
139
139
133
132
138
142
153
127
126
138
120
141
133
146
127
124
130
127
115
154
118
120
132
137
115
128
123
119
130
123
115
129
131
116
128
102
122
134
121
142
114
127
138
118
118
118
126
108
139
120
131
125
114
123
104
111
118
125
118
131
135
119
121
114
119
123
118
152
148
119
130
125
139
126
143
115
131
125
160
125
104
143
137
128
124
141
117
105
125
150
123
126
141
146
118
133
141
129
153
150
128
167
146
163
151
169
145
169
160
164
151
181
175
186
236
294
601
2247
8974
25110
45976
53927
41431
20961
6851
1494
299
89
53
71
44
54
58
44
41
50
34
41
33
43
39
45
40
32
41
39
33
37
41
36
28
29
30
32
32
26
31
28
29
36
32
23
31
19
32
22
25
24
31
30
36
23
25
17
17
34
14
22
29
15
20
16
32
33
27
26
23
25
25
28
24
21
15
18
30
21
28
28
20
22
27
26
22
23
16
25
17
25
26
15
18
17
21
14
29
18
26
24
17
20
23
32
17
24
19
19
21
21
22
28
16
16
23
26
23
21
20
23
31
24
18
16
13
19
14
17
22
25
21
16
23
16
21
17
23
29
25
17
19
20
22
18
21
16
19
28
20
26
15
17
18
27
22
22
24
17
24
18
21
25
24
31
21
23
18
18
18
15
25
24
14
9
18
26
17
21
32
22
23
22
24
21
15
24
19
15
13
22
15
17
26
16
18
17
24
17
29
17
20
26
19
18
20
18
22
15
19
13
20
19
17
24
20
20
21
13
10
23
21
33
20
14
33
18
11
14
16
21
23
16
17
22
13
19
12
13
9
23
15
14
21
15
15
22
19
18
15
19
18
13
15
15
23
16
18
18
27
30
30
28
32
24
22
16
16
16
15
12
22
22
20
13
20
13
25
23
13
17
10
12
21
15
17
13
13
11
15
18
10
8
19
13
19
29
16
14
13
11
21
17
20
23
31
28
18
20
11
18
14
17
20
12
11
12
9
14
16
16
17
11
19
16
16
19
25
18
16
17
12
14
19
12
21
19
10
14
17
15
23
22
16
14
21
16
14
10
21
17
24
16
22
14
20
23
10
16
22
14
21
21
14
15
20
16
14
11
12
14
13
12
15
9
13
14
19
13
12
16
16
11
10
12
12
13
17
14
12
20
20
12
23
11
10
14
14
15
15
13
17
17
21
14
12
14
19
11
14
17
14
20
16
19
15
18
11
14
13
9
12
20
19
18
14
23
16
14
10
8
16
14
22
14
13
15
12
12
19
17
15
9
11
15
21
9
11
10
17
14
15
13
16
9
18
14
19
11
12
17
12
12
14
18
11
16
13
21
13
8
20
17
8
15
21
11
15
18
18
12
20
20
13
14
14
14
22
29
19
14
19
14
14
12
11
14
15
13
11
9
18
18
12
10
17
16
15
21
13
19
16
15
17
14
19
11
18
11
8
16
16
7
13
11
11
19
15
12
10
11
17
16
9
11
9
11
18
11
13
13
16
15
14
14
13
18
14
15
12
18
18
13
13
7
14
16
16
18
13
5
7
17
14
8
10
11
11
14
12
14
11
11
17
15
13
9
12
19
14
12
15
7
13
12
10
16
10
10
10
14
9
13
16
18
16
16
12
13
12
18
15
13
10
22
11
12
19
18
41
48
41
31
12
11
5
9
7
15
12
15
13
14
9
12
14
12
5
12
13
13
8
14
8
15
11
5
13
12
19
18
18
8
13
5
7
19
8
8
13
11
13
14
18
13
5
12
10
18
18
7
10
4
12
14
27
12
13
17
14
10
14
12
11
7
17
10
13
12
7
16
9
19
19
7
6
10
8
7
9
10
11
14
8
13
16
13
8
15
6
6
4
9
15
15
9
12
8
16
7
11
10
10
11
12
15
11
14
12
19
8
10
9
10
11
14
18
10
5
17
9
6
11
10
15
10
9
14
19
14
15
17
18
8
9
8
12
14
12
33
30
25
18
14
9
13
11
11
16
11
10
10
9
13
6
9
10
11
13
11
10
10
10
9
10
7
13
6
13
15
8
11
16
10
5
9
9
7
11
10
11
8
12
8
11
8
10
7
15
11
12
11
7
14
6
13
16
14
14
6
10
12
8
6
9
13
11
13
7
14
14
9
10
15
5
10
5
14
9
15
12
12
8
17
14
8
4
8
18
12
7
11
12
13
13
10
9
11
9
3
14
7
13
17
9
7
5
11
10
10
12
11
8
11
14
9
10
8
7
12
19
8
10
17
12
9
10
14
8
15
8
7
17
11
11
8
14
12
5
7
8
9
8
7
8
6
6
10
11
4
13
12
8
8
9
12
13
9
14
15
14
17
12
11
5
13
13
12
10
8
4
12
11
9
11
9
13
9
12
11
12
10
8
9
16
12
6
13
3
11
10
7
15
10
9
12
11
8
12
4
16
15
9
5
8
10
15
11
6
8
5
11
9
7
16
12
5
10
14
12
8
9
7
6
7
7
6
13
7
8
11
5
10
9
9
8
10
5
8
13
11
7
10
7
9
6
7
6
17
10
8
11
8
8
9
8
9
6
5
7
7
15
6
10
17
5
7
7
15
11
5
10
10
9
6
11
11
5
12
8
13
14
6
8
13
11
11
12
10
10
11
10
11
12
12
11
9
10
11
11
5
10
7
9
8
16
12
12
9
14
7
14
13
6
15
13
8
8
7
13
14
10
8
13
12
8
7
13
12
10
11
11
9
7
17
10
13
15
8
9
14
15
10
11
18
15
5
10
8
11
14
8
10
6
7
7
5
7
7
8
9
9
14
14
12
11
25
40
38
35
22
14
9
6
10
5
8
4
6
10
9
8
8
15
7
9
8
9
8
12
7
11
10
7
8
10
7
13
11
5
13
8
10
9
12
8
3
10
8
8
5
9
14
7
10
12
8
8
8
6
13
11
6
14
15
10
11
8
9
6
8
15
6
6
8
8
14
16
11
8
15
9
13
13
9
10
7
13
14
7
6
16
13
8
14
19
4
8
13
11
8
10
12
8
4
8
9
5
13
8
6
7
9
14
4
8
7
6
13
9
7
13
6
9
8
3
14
6
14
6
6
7
9
6
10
11
17
10
7
13
12
9
12
14
9
7
8
11
10
9
6
13
9
9
11
12
10
10
9
12
11
5
10
9
11
8
18
12
7
6
5
9
12
5
5
13
14
13
7
8
8
9
14
9
14
10
10
8
6
14
8
10
11
7
7
5
7
9
11
11
13
11
10
6
11
9
9
10
7
6
9
5
6
9
7
10
12
9
13
11
9
6
9
13
10
9
9
6
11
9
13
13
9
8
10
9
10
10
7
11
16
9
6
4
10
8
11
9
4
11
10
11
10
12
9
9
7
5
9
15
8
6
7
10
5
10
10
10
8
9
11
10
6
11
11
12
6
13
8
10
9
5
9
13
9
5
10
13
9
10
7
6
10
19
26
15
12
8
9
6
11
13
7
11
8
9
10
5
8
2
6
11
14
12
3
8
3
3
9
7
4
4
12
8
8
2
5
9
7
8
11
6
12
7
5
9
5
2
2
11
5
9
2
11
4
8
8
4
7
4
5
8
3
7
5
7
6
4
7
2
3
4
4
9
6
5
9
8
13
4
10
7
8
5
14
4
6
8
5
6
7
15
8
7
2
9
3
5
4
4
6
5
6
3
4
6
9
8
10
7
11
2
11
3
7
7
5
4
5
4
6
5
3
6
5
3
7
4
9
8
7
5
8
9
4
4
2
5
8
6
6
8
11
6
4
3
5
5
5
4
6
4
6
6
3
4
7
5
3
5
7
4
8
6
3
5
4
5
7
6
5
5
6
4
6
5
8
5
7
4
8
5
10
7
2
3
4
12
7
8
7
4
8
7
5
6
6
3
9
4
4
6
8
9
9
10
4
5
7
6
9
6
4
7
3
2
4
3
5
9
5
6
3
3
5
6
4
6
5
7
4
4
8
5
6
3
3
5
4
3
3
4
2
7
6
7
6
2
8
2
7
5
4
7
3
4
3
3
4
4
2
2
8
7
2
4
5
4
5
6
1
4
2
4
3
3
7
4
3
7
3
2
6
7
3
5
7
3
3
5
8
8
3
9
1
4
4
2
2
2
3
3
3
2
1
3
2
2
2
2
3
5
6
6
4
3
3
2
3
4
4
8
2
5
4
9
5
0
2
3
5
6
2
3
4
6
5
5
0
3
8
10
14
11
17
7
6
4
3
3
1
2
1
3
5
2
4
0
3
2
5
3
6
9
3
5
0
3
5
3
0
6
1
5
3
2
4
5
8
2
7
3
3
5
1
1
3
0
5
4
4
2
1
2
5
5
3
5
3
2
9
5
6
2
5
4
6
4
3
1
2
5
6
4
6
5
7
10
8
4
5
3
2
3
7
4
0
4
5
6
4
5
1
3
5
5
4
6
4
1
1
4
4
4
4
4
6
1
7
2
1
3
5
4
3
2
0
3
2
4
4
5
3
5
0
1
3
2
5
3
3
0
3
4
5
3
6
3
2
4
2
1
4
2
6
4
5
1
2
0
3
5
2
1
5
3
2
2
8
1
5
4
4
4
1
2
2
3
4
6
6
6
2
2
2
2
1
0
0
1
3
7
3
4
3
4
4
1
5
3
1
3
2
2
4
1
4
1
4
9
10
32
64
119
207
187
163
98
43
16
8
6
5
3
3
4
3
2
2
3
0
2
4
1
5
2
2
1
2
2
1
2
3
4
4
4
0
5
3
1
0
5
6
0
5
4
2
2
3
7
1
2
2
7
4
3
2
3
2
3
2
2
2
3
1
2
1
6
3
6
8
2
3
1
0
2
4
4
1
1
1
3
3
4
4
2
0
1
4
4
4
6
4
2
5
0
4
7
0
2
4
2
2
3
5
0
2
2
4
1
0
2
2
3
2
0
4
2
5
2
6
4
6
10
8
3
3
0
2
5
3
1
4
2
5
1
6
2
2
1
1
2
1
2
4
2
1
1
1
1
3
2
5
1
4
0
0
2
4
6
2
2
1
1
0
3
2
2
5
3
2
2
2
1
2
3
1
4
2
2
5
3
4
2
4
1
2
5
3
3
4
3
1
3
4
3
1
1
1
1
1
3
1
4
1
2
2
4
4
6
1
4
4
1
2
0
1
1
1
1
4
2
2
3
2
3
0
2
3
1
2
0
3
4
2
3
1
4
2
1
1
7
2
3
5
1
1
0
4
4
1
3
0
4
2
1
2
2
2
0
1
2
1
0
2
0
0
1
1
0
0
1
5
2
1
1
3
5
2
0
2
1
0
1
2
2
3
2
0
3
0
1
0
3
3
0
2
3
2
2
1
1
3
2
3
2
5
1
1
0
3
3
7
6
4
2
2
1
1
0
4
2
5
6
6
3
7
2
8
3
2
1
1
1
0
2
2
3
3
2
3
2
2
2
2
1
4
2
3
2
4
2
0
3
1
3
0
0
2
0
1
2
0
4
0
0
1
2
2
1
2
3
3
3
4
3
3
2
0
0
1
1
2
2
0
1
1
1
0
0
1
0
1
2
5
2
5
1
1
2
2
2
2
0
1
2
3
1
3
1
3
1
0
2
3
6
1
2
1
3
1
4
2
2
1
2
2
1
0
0
4
1
0
1
3
0
1
1
1
3
3
3
0
1
0
0
2
1
2
1
4
3
2
0
1
1
1
0
2
1
2
1
2
1
3
2
1
0
0
3
3
2
1
5
0
2
4
0
3
2
2
0
3
1
1
1
1
1
1
5
0
8
3
6
3
2
2
1
2
0
0
1
0
1
3
1
0
1
0
2
1
0
5
2
2
0
0
3
1
0
1
1
1
1
3
0
2
3
0
0
0
1
1
1
0
2
2
1
1
2
0
1
2
4
3
0
6
1
0
2
1
1
1
0
0
1
0
3
1
1
0
0
3
0
1
1
2
3
1
2
1
6
0
0
3
3
2
0
1
2
0
0
0
0
3
1
1
2
1
1
1
2
1
3
1
3
0
1
2
1
1
1
1
0
0
2
0
2
1
1
1
0
0
1
1
0
0
1
2
2
0
1
2
1
2
1
1
1
1
0
2
1
1
0
0
3
1
2
1
0
0
0
2
1
1
1
0
1
2
2
1
1
1
4
3
3
6
9
8
5
4
2
5
0
0
1
0
2
2
2
0
3
1
0
2
0
1
1
3
1
0
1
0
3
4
2
3
1
3
0
0
2
1
1
1
0
2
0
1
1
0
0
0
2
2
0
1
0
1
0
1
2
0
2
1
1
2
0
5
2
0
2
3
2
0
0
1
0
2
0
0
3
1
3
1
1
3
1
4
9
19
33
28
22
19
12
11
5
3
1
1
2
2
0
3
0
1
0
1
3
1
0
0
0
0
1
4
2
1
1
1
2
1
3
3
1
3
1
0
2
1
0
1
1
1
1
2
3
3
1
0
2
3
2
1
1
0
2
2
0
2
0
0
2
1
1
2
1
1
2
0
1
2
2
0
0
2
0
0
0
1
2
0
2
2
0
2
1
2
2
1
1
0
1
0
0
3
0
1
1
1
2
1
1
0
0
1
0
2
1
2
0
1
0
4
1
3
0
0
3
3
0
0
1
0
0
1
2
2
1
1
0
0
1
1
0
1
1
0
0
3
0
1
4
0
1
3
0
0
0
0
4
2
0
0
1
1
0
3
1
0
2
0
0
1
2
0
3
0
2
0
0
0
0
2
2
2
2
1
3
1
1
0
1
0
3
1
1
0
0
0
5
5
1
1
3
1
1
2
3
3
4
0
5
4
3
0
5
0
2
2
0
1
1
1
2
1
2
4
1
1
1
1
2
1
0
0
2
1
1
1
1
3
4
2
0
0
1
0
1
2
1
1
0
3
0
0
1
1
0
2
0
0
2
0
0
1
0
1
1
1
1
1
1
0
2
2
2
1
2
3
1
0
1
1
1
2
0
2
0
2
1
2
1
1
1
0
1
1
1
1
1
0
1
1
1
0
1
1
0
2
0
2
2
1
1
0
2
3
1
2
0
1
1
0
2
1
1
3
0
1
1
1
0
0
2
0
0
1
0
0
0
2
1
2
3
0
0
1
2
2
0
0
1
0
1
0
1
1
1
1
2
0
0
0
2
1
2
1
0
0
1
0
0
0
1
1
3
1
2
1
1
1
0
1
2
2
2
0
1
0
0
1
3
0
0
0
0
3
0
2
2
2
0
0
2
1
2
0
1
1
1
2
1
0
1
0
5
2
0
0
0
0
1
1
2
1
0
1
1
0
1
1
1
5
1
3
1
1
2
2
0
0
1
1
0
0
0
3
0
0
2
0
1
0
0
1
1
0
0
1
0
0
1
2
0
1
4
0
0
0
1
1
1
0
2
1
1
0
1
0
2
1
2
1
0
2
1
2
2
0
1
2
1
0
0
2
0
0
0
0
2
1
0
1
0
1
1
1
2
0
2
0
4
1
1
1
0
3
1
0
0
1
0
1
0
2
0
0
1
1
0
1
0
0
1
1
2
0
0
1
1
1
0
1
0
1
0
0
0
1
1
3
0
1
0
1
1
0
1
0
2
0
2
1
0
1
1
0
4
0
3
1
0
2
1
0
1
1
1
1
0
1
1
2
0
2
2
3
2
0
1
0
0
1
0
1
0
3
0
0
2
1
1
0
1
2
1
1
1
2
0
0
1
1
0
2
0
0
2
2
0
0
2
2
1
0
0
1
1
3
0
1
1
1
1
1
0
1
1
1
1
0
0
0
0
2
0
0
0
1
1
0
0
1
0
3
0
0
4
1
0
2
0
1
0
0
0
2
0
1
0
0
1
1
2
0
0
0
1
0
0
1
0
1
0
1
1
0
0
2
1
2
1
0
1
1
2
3
1
1
0
0
0
2
0
1
1
1
0
0
1
2
0
0
0
2
0
1
1
0
1
0
1
1
0
2
0
2
1
1
0
1
0
2
1
0
1
0
0
1
0
1
0
0
0
1
1
1
1
1
1
0
0
0
1
1
1
0
1
0
0
2
1
1
0
0
1
2
0
0
1
1
2
0
1
2
1
0
2
2
0
0
0
0
2
0
0
0
2
0
2
1
1
2
0
1
1
0
1
0
2
0
4
1
1
1
0
3
0
2
0
0
0
1
0
0
1
1
1
1
0
1
0
0
0
4
0
2
1
0
4
3
1
5
3
3
4
0
0
2
0
0
2
0
0
0
0
0
2
2
0
2
1
0
2
1
0
1
0
0
1
1
0
1
1
0
2
0
0
0
2
4
1
2
3
0
0
0
0
1
1
0
0
1
2
0
2
1
1
1
0
1
1
1
2
0
0
0
0
2
0
0
1
0
0
0
0
2
0
0
0
0
0
2
0
2
0
0
0
0
0
1
1
2
0
1
3
0
1
0
0
0
2
0
0
3
0
2
0
2
1
0
0
0
0
1
2
0
1
1
1
0
0
1
0
1
2
0
0
0
1
0
1
5
2
0
0
1
1
0
0
1
0
0
0
0
0
0
0
1
0
0
1
0
0
2
0
0
0
0
4
0
0
0
1
0
0
1
1
0
0
1
0
0
1
2
1
0
0
0
1
0
3
0
1
1
0
1
0
1
1
0
0
0
0
0
0
0
2
0
0
1
1
0
0
0
1
2
0
0
1
3
1
1
1
1
0
1
0
3
0
1
1
1
0
1
0
0
1
0
0
0
1
1
0
0
0
1
0
2
1
0
0
0
1
0
0
6
8
9
10
6
4
2
1
1
0
1
1
0
1
1
0
1
1
0
0
1
2
2
0
0
0
1
0
0
3
1
0
0
0
1
1
2
1
1
0
0
0
2
1
0
1
1
0
2
1
1
1
0
3
1
1
1
0
1
1
0
0
0
0
1
1
0
1
1
2
0
1
1
1
2
1
0
0
2
1
0
0
0
0
0
0
0
1
2
2
0
0
0
1
0
0
0
0
0
0
0
0
2
0
0
3
0
1
1
1
4
0
2
1
1
0
0
0
0
0
0
1
0
0
0
1
0
1
1
1
0
0
0
1
0
0
0
0
0
1
0
0
0
1
0
1
1
1
0
0
1
1
2
0
1
1
1
0
0
0
0
1
0
1
1
1
0
0
1
0
0
0
0
0
1
0
0
1
2
0
0
1
3
1
2
0
1
1
0
2
0
0
0
2
0
0
0
1
0
1
1
1
0
0
0
2
0
0
0
2
0
0
1
1
1
0
0
0
2
0
1
1
1
0
2
0
1
1
1
1
1
1
0
1
1
1
0
2
0
0
0
2
0
0
2
0
1
0
1
0
1
1
1
1
1
0
0
0
0
0
0
0
1
1
0
0
1
0
0
0
1
0
0
0
0
0
2
1
1
1
0
1
1
1
0
1
2
0
1
0
2
0
0
0
0
0
0
1
0
0
1
0
1
0
1
2
1
0
3
0
1
0
0
0
1
0
0
1
0
0
0
0
1
0
0
1
1
2
1
1
0
0
0
1
0
0
2
1
1
1
0
0
0
2
1
1
0
0
1
1
1
2
1
0
1
0
1
0
0
0
0
0
2
0
0
0
0
1
0
0
0
0
1
3
1
1
2
2
1
1
0
1
2
0
0
1
1
2
0
1
0
1
1
0
0
1
0
1
0
1
0
1
0
1
1
1
1
3
0
0
1
3
0
0
1
1
0
4
3
1
1
0
0
0
0
0
0
2
2
1
0
2
0
1
1
0
1
1
1
1
0
1
0
0
0
0
0
0
0
0
1
0
1
1
0
0
1
0
1
0
0
1
0
0
2
1
3
0
1
1
0
0
1
0
2
1
0
0
1
0
0
0
1
0
1
2
0
1
0
0
1
1
1
0
0
1
0
1
0
1
1
0
0
2
1
1
0
1
0
0
1
0
0
1
1
0
2
0
0
0
0
1
0
0
0
1
1
0
1
0
0
0
0
0
0
0
1
0
2
1
1
1
0
0
0
0
0
0
0
2
0
0
0
0
1
0
0
1
0
0
2
0
1
0
0
1
0
1
1
2
1
2
2
0
1
1
0
0
1
0
0
0
0
0
0
0
0
0
0
1
5
1
2
1
6
3
1
1
1
1
0
1
1
0
0
0
0
1
1
1
0
0
0
0
0
0
1
0
0
0
0
0
0
0
0
0
0
0
0
0
0
0
1
0
0
0
0
0
0
0
0
0
0
0
0
0
1
0
0
0
0
1
0
0
0
0
0
0
0
0
0
1
1
0
0
1
1
1
0
0
0
0
0
0
0
1
0
0
0
0
0
0
0
0
1
0
1
1
0
0
0
0
0
0
0
0
0
0
0
1
1
1
0
0
1
0
0
0
0
0
0
2
0
1
0
0
0
0
0
0
0
0
0
0
2
0
0
0
0
0
1
0
0
0
0
0
0
0
0
0
0
0
0
0
0
1
0
0
0
0
0
0
0
0
0
0
0
0
0
0
0
0
0
0
0
0
0
0
1
0
0
0
0
0
0
0
0
0
0
0
0
0
0
0
0
0
1
0
0
0
0
0
0
0
1
0
0
0
0
0
0
0
1
0
0
1
0
0
0
0
0
0
0
0
0
0
0
0
0
0
0
0
0
0
0
1
0
0
1
0
0
1
0
0
0
0
0
0
0
0
0
0
0
0
0
3
1
0
1
0
0
0
0
0
0
0
0
0
0
0
0
0
0
1
0
1
0
0
0
0
0
0
0
0
0
1
0
1
0
0
0
1
0
0
0
1
0
0
0
0
0
0
0
0
0
0
1
2
0
0
0
0
0
0
0
0
0
0
0
1
0
0
0
0
0
0
0
0
0
0
0
0
0
0
0
0
0
0
0
0
0
0
0
0
0
0
0
0
0
0
0
0
0
0
1
0
0
1
0
0
0
0
0
1
0
0
0
0
0
0
0
0
0
0
0
0
0
0
0
1
0
0
0
0
0
0
0
0
0
0
0
0
0
0
0
0
0
0
0
0
0
0
0
2
5
4
7
17
13
18
7
10
8
3
0
0
1
0
0
0
0
0
0
0
0
0
0
0
0
0
1
0
0
0
0
0
0
0
0
0
0
0
0
0
0
0
0
0
0
0
1
0
0
0
0
0
0
0
1
0
1
1
1
0
0
0
0
0
0
0
0
0
0
0
1
0
0
0
0
0
0
0
0
0
0
0
0
0
0
0
0
0
0
0
0
0
0
0
0
0
0
0
0
0
0
0
0
0
1
0
1
1
0
0
0
0
0
0
0
0
0
0
0
0
0
0
0
0
1
0
0
0
0
0
0
0
0
0
0
0
0
0
1
0
0
1
0
0
0
0
0
0
0
0
0
0
0
0
0
0
0
0
0
0
0
0
0
0
0
0
0
0
0
1
0
0
0
0
0
0
0
0
1
0
1
0
0
0
0
0
0
0
0
0
0
0
0
0
0
0
1
2
0
0
0
0
0
0
0
0
0
0
0
0
0
0
0
0
0
0
0
0
0
0
0
0
0
0
0
0
0
0
0
0
0
0
0
0
0
0
0
0
0
0
0
0
0
0
0
0
0
0
0
0
0
0
0
0
0
0
0
0
0
1
0
0
0
0
0
0
0
0
0
0
0
1
0
0
0
0
0
0
0
0
0
0
0
1
0
0
0
0
0
0
1
0
0
0
0
0
0
0
0
0
0
0
0
0
0
0
0
0
0
0
0
0
0
0
0
0
0
0
0
0
0
0
0
0
0
0
0
1
0
0
0
0
0
0
0
0
0
0
0
0
0
0
0
0
1
1
0
0
0
0
0
0
0
0
0
0
0
0
0
0
0
0
0
0
0
0
0
0
0
0
0
0
0
0
0
0
0
1
0
0
0
0
0
0
0
0
0
0
0
0
0
0
0
0
0
0
0
0
0
1
0
0
0
0
0
0
0
0
0
0
0
0
0
0
0
0
0
0
0
0
0
0
0
0
1
0
0
0
0
0
0
0
0
0
0
0
0
0
0
0
0
0
0
0
0
0
0
0
0
0
1
0
0
0
0
0
0
0
0
0
0
1
0
1
0
0
0
0
0
0
0
0
0
0
0
0
0
0
0
0
0
0
0
0
0
1
0
0
0
0
0
0
0
0
0
0
0
0
0
0
0
0
0
0
0
0
1
0
0
0
0
0
0
0
0
0
0
0
0
0
0
0
0
0
0
0
1
0
0
0
0
0
0
0
0
0
0
0
0
0
0
0
0
0
0
0
0
0
0
0
0
0
0
0
0
0
0
0
0
0
0
0
0
0
0
0
0
0
0
0
0
0
0
0
0
0
0
0
0
0
0
0
0
0
1
0
0
0
0
0
0
0
0
0
0
0
0
0
0
0
0
0
1
0
0
0
0
0
0
0
0
0
0
0
0
0
0
0
0
0
0
0
0
0
0
0
0
0
0
0
0
1
1
0
0
0
0
0
0
0
0
0
0
0
0
1
0
0
0
0
0
0
0
0
1
0
0
0
0
0
0
0
0
0
0
0
0
1
0
0
0
0
0
0
0
0
0
0
0
0
0
0
0
0
0
0
0
0
0
0
0
0
0
0
0
0
0
0
0
1
0
0
0
0
0
0
0
0
0
0
0
0
0
0
0
0
0
0
0
0
0
0
0
0
0
0
0
0
0
0
0
0
0
0
0
0
0
0
0
0
0
0
0
0
0
0
0
0
0
1
0
0
0
0
0
0
0
0
0
0
0
0
0
0
0
0
0
0
0
0
0
0
0
0
0
0
0
0
0
0
0
0
0
0
0
0
0
0
0
0
0
0
0
0
0
0
0
0
0
0
0
0
0
0
0
0
0
0
0
0
0
0
0
0
0
0
0
0
0
0
0
0
0
0
0
0
0
0
0
0
0
0
0
0
0
0
0
0
0
0
1
0
0
0
0
0
0
0
0
0
0
0
1
0
0
0
0
0
0
0
0
0
1
0
0
0
0
0
0
0
0
0
0
0
0
0
0
0
0
0
0
0
0
0
0
0
0
0
0
0
0
0
1
0
0
0
0
0
0
0
0
0
0
0
0
0
0
0
0
1
0
0
0
0
0
0
0
0
0
1
1
0
0
0
0
0
0
0
0
0
0
0
0
0
0
0
0
0
0
0
0
0
0
0
0
0
0
0
0
0
0
0
1
0
1
0
0
0
1
0
0
0
0
0
0
0
0
0
0
0
0
0
0
0
0
0
0
0
0
0
0
0
0
0
0
0
0
0
0
0
0
0
0
0
0
0
0
0
0
1
0
0
0
0
1
0
0
0
0
0
0
0
0
0
0
0
0
1
0
0
0
0
0
0
0
0
0
0
0
0
0
0
0
0
0
0
0
0
0
0
0
0
0
0
0
0
0
0
0
0
0
0
0
0
0
0
0
0
0
0
0
0
0
0
0
0
0
0
0
0
0
0
0
0
0
0
0
0
0
0
0
1
0
0
0
0
0
0
0
0
0
0
0
1
0
0
0
0
1
0
0
0
0
0
0
0
0
0
0
0
0
0
0
0
1
0
0
0
0
0
1
0
0
0
0
0
0
0
0
0
0
1
0
0
0
0
0
0
0
0
1
0
0
0
0
0
0
0
0
0
0
0
1
1
0
0
0
0
0
0
0
1
0
0
0
0
0
0
0
0
1
0
1
0
0
0
0
0
0
0
0
0
0
0
0
0
0
0
0
0
0
0
0
0
0
0
0
0
0
0
0
0
0
0
0
0
0
0
1
0
0
0
0
0
0
0
0
0
0
0
1
0
0
0
0
0
0
0
0
0
0
0
0
0
0
0
0
0
0
0
0
0
0
0
0
0
0
0
0
0
0
0
0
0
0
0
0
0
0
0
0
0
0
0
0
0
0
0
0
0
0
0
0
0
0
0
0
0
0
0
0
0
0
0
0
0
0
0
0
0
0
0
0
0
0
1
0
0
0
0
0
0
0
0
0
0
0
0
0
0
0
0
0
0
0
0
0
1
1
0
0
0
0
0
0
0
0
0
0
0
0
0
0
0
0
0
1
0
0
0
0
0
0
0
0
0
0
0
0
0
1
0
0
1
0
0
0
0
1
0
1
0
0
0
0
0
0
0
0
0
0
0
0
1
0
0
0
1
0
0
0
0
0
0
0
0
0
0
0
0
0
0
0
0
0
0
0
0
0
0
0
0
0
0
0
0
0
0
0
0
0
0
0
0
0
0
0
0
0
0
0
0
0
0
0
0
0
0
0
0
0
0
0
0
0
0
0
0
0
0
0
0
0
0
0
0
0
0
0
1
0
0
0
0
0
0
0
0
0
0
0
0
0
0
1
0
0
0
0
0
0
0
0
0
0
0
0
0
0
0
0
0
0
0
0
0
0
0
0
1
0
0
0
0
0
0
1
0
0
0
0
0
0
0
0
0
0
0
0
0
0
0
0
0
0
0
0
0
0
0
0
0
0
0
0
0
0
0
0
0
0
0
0
0
0
0
0
0
0
0
0
0
0
0
0
0
0
0
0
0
0
0
0
0
0
0
0
0
0
0
0
0
1
0
0
0
0
1
0
0
0
0
0
0
0
0
0
0
0
0
0
0
0
0
0
0
0
0
0
0
0
0
0
0
0
0
0
0
0
0
1
0
0
0
0
0
0
0
0
0
0
0
0
0
0
0
0
0
0
0
0
0
0
0
0
0
0
0
0
0
0
0
0
0
0
0
0
0
0
0
0
0
0
0
0
0
0
0
0
0
0
0
1
0
0
0
0
0
0
0
0
0
0
0
0
0
0
0
0
0
0
0
0
0
0
0
0
0
0
0
0
0
0
0
0
0
0
0
0
0
0
0
0
0
0
0
0
0
0
0
0
0
0
0
0
0
0
0
0
0
0
0
0
0
0
0
0
0
0
0
0
0
0
0
0
0
0
0
0
0
0
0
0
0
0
0
0
0
0
0
0
0
0
0
0
0
0
0
0
0
0
0
0
0
0
0
0
0
0
0
0
0
0
0
0
0
0
0
0
0
0
0
0
0
0
0
0
0
0
0
0
0
0
0
0
0
0
0
0
0
0
0
0
0
0
0
0
0
0
0
0
0
0
0
0
0
0
0
0
0
0
0
0
0
0
0
0
0
0
0
0
0
0
0
0
0
0
0
0
0
0
0
0
0
0
0
0
0
0
0
0
0
0
0
0
0
