0   1.47E-02    3.74    5.59    6.207   6.88    7.18    7.32    7.65    7.73    7.78    7.90
0.5 9.82E-05    3.36    5.59    6.31    6.75    6.92
0.7 0.00E-00    3.45    5.66    6.41    6.92    7.24
1.0 0.00E-00    6.71E-3 6.40    7.25    7.56    7.92
1.1 0.00E-00    3.57E-3 2.91    7.04    7.29    7.56
1.3 0.00E-00    1.46E-3 0.156   6.36    7.39    7.67
1.5 0.00E-00    1.01E-3 8.72E-3 0.592   6.83    7.27
1.7 0.00E-00    7.31E-4 5.50E-3 4.19E-2 1.36    6.98    7.68    7.65
1.9 0.00E-00    0   0   9.73E-3 0.264   1.99    6.35    7.63
2.1 0   0   0   0   2.2E-2  0.483   2.26    5.45    7.40    7.60
2.3 0   0   0   0   1.73E-2 4.62E-2 0.493   2.55    4.50    6.82    7.58
2.5 0   0   0   0   0   1.86E-2 8.49E-2 0.475   2.65    4.02    5.76
