  24.9	    25
24.9004	    25
24.9007	    25
24.9011	    25
24.9015	    25
24.9018	    25
24.9022	    25
24.9026	    25
24.903	    25
24.9033	    25
24.9037	    25
24.9041	    25
24.9044	    26
24.9048	    26
24.9052	    26
24.9055	    26
24.9059	    26
24.9063	    26
24.9067	    26
24.907	    26
24.9074	    26
24.9078	    26
24.9081	    26
24.9085	    26
24.9089	    26
24.9092	    26
24.9096	    26
 24.91	    26
24.9104	    26
24.9107	    26
24.9111	    26
24.9115	    26
24.9118	    26
24.9122	    26
24.9126	    26
24.9129	    26
24.9133	    26
24.9137	    26
24.9141	    26
24.9144	    26
24.9148	    26
24.9152	    26
24.9155	    26
24.9159	    26
24.9163	    27
24.9166	    26
24.917	    27
24.9174	    27
24.9178	    27
24.9181	    27
24.9185	    27
24.9189	    27
24.9192	    27
24.9196	    27
 24.92	    27
24.9203	    27
24.9207	    27
24.9211	    27
24.9215	    27
24.9218	    27
24.9222	    27
24.9226	    27
24.9229	    27
24.9233	    27
24.9237	    27
24.924	    27
24.9244	    27
24.9248	    27
24.9251	    27
24.9255	    27
24.9259	    27
24.9263	    27
24.9266	    27
24.927	    27
24.9274	    28
24.9277	    28
24.9281	    28
24.9285	    28
24.9288	    28
24.9292	    28
24.9296	    28
 24.93	    28
24.9303	    28
24.9307	    28
24.9311	    28
24.9314	    28
24.9318	    28
24.9322	    28
24.9325	    28
24.9329	    28
24.9333	    28
24.9337	    28
24.934	    28
24.9344	    28
24.9348	    28
24.9351	    28
24.9355	    29
24.9359	    29
24.9362	    29
24.9366	    29
24.937	    29
24.9374	    29
24.9377	    29
24.9381	    29
24.9385	    29
24.9388	    29
24.9392	    29
24.9396	    29
24.9399	    29
24.9403	    29
24.9407	    29
24.9411	    29
24.9414	    29
24.9418	    29
24.9422	    30
24.9425	    30
24.9429	    30
24.9433	    30
24.9436	    30
24.944	    30
24.9444	    30
24.9448	    30
24.9451	    30
24.9455	    30
24.9459	    30
24.9462	    30
24.9466	    30
24.947	    30
24.9473	    30
24.9477	    30
24.9481	    31
24.9484	    31
24.9488	    31
24.9492	    31
24.9496	    31
24.9499	    31
24.9503	    31
24.9507	    31
24.951	    31
24.9514	    31
24.9518	    31
24.9521	    31
24.9525	    31
24.9529	    31
24.9533	    31
24.9536	    31
24.954	    31
24.9544	    31
24.9547	    31
24.9551	    31
24.9555	    31
24.9558	    31
24.9562	    32
24.9566	    32
24.957	    32
24.9573	    32
24.9577	    32
24.9581	    32
24.9584	    32
24.9588	    32
24.9592	    32
24.9595	    32
24.9599	    32
24.9603	    32
24.9607	    32
24.961	    32
24.9614	    32
24.9618	    32
24.9621	    33
24.9625	    32
24.9629	    33
24.9632	    33
24.9636	    33
24.964	    33
24.9644	    33
24.9647	    33
24.9651	    33
24.9655	    33
24.9658	    33
24.9662	    33
24.9666	    33
24.9669	    33
24.9673	    33
24.9677	    33
24.9681	    33
24.9684	    33
24.9688	    34
24.9692	    34
24.9695	    34
24.9699	    34
24.9703	    34
24.9706	    34
24.971	    34
24.9714	    34
24.9717	    34
24.9721	    34
24.9725	    34
24.9729	    34
24.9732	    34
24.9736	    34
24.974	    34
24.9743	    34
24.9747	    34
24.9751	    34
24.9754	    34
24.9758	    34
24.9762	    35
24.9766	    34
24.9769	    35
24.9773	    35
24.9777	    35
24.978	    35
24.9784	    35
24.9788	    35
24.9791	    35
24.9795	    35
24.9799	    35
24.9803	    35
24.9806	    35
24.981	    35
24.9814	    35
24.9817	    35
24.9821	    35
24.9825	    35
24.9828	    36
24.9832	    35
24.9836	    35
24.984	    35
24.9843	    36
24.9847	    36
24.9851	    36
24.9854	    36
24.9858	    36
24.9862	    36
24.9865	    36
24.9869	    36
24.9873	    36
24.9877	    36
24.988	    36
24.9884	    36
24.9888	    36
24.9891	    36
24.9895	    36
24.9899	    36
24.9902	    36
24.9906	    36
24.991	    36
24.9914	    36
24.9917	    36
24.9921	    36
24.9925	    36
24.9928	    36
24.9932	    36
24.9936	    36
24.9939	    36
24.9943	    36
24.9947	    36
24.995	    36
24.9954	    37
24.9958	    37
24.9962	    37
24.9965	    37
24.9969	    37
24.9973	    37
24.9976	    37
24.998	    37
24.9984	    37
24.9987	    37
24.9991	    37
24.9995	    37
24.9999	    37
25.0002	    37
25.0006	    37
25.001	    37
25.0013	    37
25.0017	    37
25.0021	    37
25.0024	    37
25.0028	    37
25.0032	    37
25.0036	    37
25.0039	    37
25.0043	    37
25.0047	    37
25.005	    37
25.0054	    37
25.0058	    37
25.0061	    37
25.0065	    37
25.0069	    37
25.0073	    37
25.0076	    37
25.008	    37
25.0084	    37
25.0087	    37
25.0091	    37
25.0095	    38
25.0098	    37
25.0102	    38
25.0106	    37
25.011	    38
25.0113	    38
25.0117	    38
25.0121	    38
25.0124	    38
25.0128	    38
25.0132	    38
25.0135	    38
25.0139	    38
25.0143	    38
25.0147	    38
25.015	    38
25.0154	    38
25.0158	    38
25.0161	    38
25.0165	    38
25.0169	    38
25.0172	    38
25.0176	    38
25.018	    38
25.0183	    38
25.0187	    38
25.0191	    38
25.0195	    38
25.0198	    38
25.0202	    38
25.0206	    38
25.0209	    38
25.0213	    38
25.0217	    38
25.022	    39
25.0224	    38
25.0228	    39
25.0232	    38
25.0235	    39
25.0239	    39
25.0243	    39
25.0246	    39
25.025	    39
25.0254	    39
25.0257	    39
25.0261	    39
25.0265	    39
25.0269	    39
25.0272	    39
25.0276	    39
25.028	    39
25.0283	    39
25.0287	    39
25.0291	    39
25.0294	    40
25.0298	    39
25.0302	    40
25.0306	    40
25.0309	    40
25.0313	    40
25.0317	    40
25.032	    40
25.0324	    40
25.0328	    40
25.0331	    40
25.0335	    40
25.0339	    40
25.0343	    40
25.0346	    40
25.035	    40
25.0354	    40
25.0357	    40
25.0361	    40
25.0365	    40
25.0368	    40
25.0372	    40
25.0376	    40
25.0379	    40
25.0383	    41
25.0387	    41
25.0391	    41
25.0394	    41
25.0398	    41
25.0402	    41
25.0405	    41
25.0409	    41
25.0413	    41
25.0416	    41
25.042	    41
25.0424	    41
25.0428	    41
25.0431	    41
25.0435	    41
25.0439	    41
25.0442	    41
25.0446	    41
25.045	    41
25.0453	    41
25.0457	    42
25.0461	    41
25.0465	    42
25.0468	    41
25.0472	    42
25.0476	    41
25.0479	    42
25.0483	    42
25.0487	    42
25.049	    42
25.0494	    42
25.0498	    42
25.0502	    42
25.0505	    42
25.0509	    42
25.0513	    42
25.0516	    43
25.052	    43
25.0524	    43
25.0527	    43
25.0531	    43
25.0535	    43
25.0539	    43
25.0542	    43
25.0546	    43
25.055	    43
25.0553	    43
25.0557	    43
25.0561	    43
25.0564	    43
25.0568	    43
25.0572	    43
25.0576	    44
25.0579	    43
25.0583	    44
25.0587	    43
25.059	    44
25.0594	    43
25.0598	    44
25.0601	    44
25.0605	    44
25.0609	    44
25.0612	    44
25.0616	    44
25.062	    45
25.0624	    45
25.0627	    45
25.0631	    45
25.0635	    45
25.0638	    45
25.0642	    45
25.0646	    45
25.0649	    45
25.0653	    45
25.0657	    45
25.0661	    45
25.0664	    45
25.0668	    45
25.0672	    46
25.0675	    45
25.0679	    46
25.0683	    46
25.0686	    46
25.069	    46
25.0694	    46
25.0698	    46
25.0701	    46
25.0705	    46
25.0709	    46
25.0712	    46
25.0716	    47
25.072	    47
25.0723	    47
25.0727	    47
25.0731	    47
25.0735	    47
25.0738	    47
25.0742	    47
25.0746	    48
25.0749	    48
25.0753	    48
25.0757	    48
25.076	    48
25.0764	    48
25.0768	    48
25.0772	    48
25.0775	    48
25.0779	    48
25.0783	    48
25.0786	    48
25.079	    48
25.0794	    48
25.0797	    49
25.0801	    49
25.0805	    49
25.0809	    49
25.0812	    49
25.0816	    49
25.082	    50
25.0823	    50
25.0827	    50
25.0831	    50
25.0834	    50
25.0838	    50
25.0842	    50
25.0845	    50
25.0849	    50
25.0853	    50
25.0857	    51
25.086	    51
25.0864	    51
25.0868	    51
25.0871	    51
25.0875	    51
25.0879	    51
25.0882	    51
25.0886	    51
25.089	    51
25.0894	    52
25.0897	    52
25.0901	    52
25.0905	    52
25.0908	    52
25.0912	    52
25.0916	    53
25.0919	    53
25.0923	    53
25.0927	    53
25.0931	    54
25.0934	    54
25.0938	    54
25.0942	    54
25.0945	    54
25.0949	    54
25.0953	    54
25.0956	    54
25.096	    54
25.0964	    54
25.0968	    54
25.0971	    54
25.0975	    55
25.0979	    55
25.0982	    55
25.0986	    55
25.099	    55
25.0993	    55
25.0997	    56
25.1001	    56
25.1005	    56
25.1008	    56
25.1012	    56
25.1016	    56
25.1019	    56
25.1023	    56
25.1027	    57
25.103	    57
25.1034	    57
25.1038	    57
25.1042	    57
25.1045	    57
25.1049	    58
25.1053	    58
25.1056	    58
25.106	    58
25.1064	    58
25.1067	    58
25.1071	    59
25.1075	    59
25.1078	    59
25.1082	    59
25.1086	    59
25.109	    59
25.1093	    59
25.1097	    59
25.1101	    59
25.1104	    59
25.1108	    59
25.1112	    59
25.1115	    59
25.1119	    59
25.1123	    60
25.1127	    60
25.113	    60
25.1134	    60
25.1138	    60
25.1141	    60
25.1145	    60
25.1149	    60
25.1152	    61
25.1156	    61
25.116	    61
25.1164	    61
25.1167	    61
25.1171	    61
25.1175	    61
25.1178	    61
25.1182	    62
25.1186	    61
25.1189	    62
25.1193	    61
25.1197	    62
25.1201	    62
25.1204	    62
25.1208	    62
25.1212	    62
25.1215	    62
25.1219	    62
25.1223	    62
25.1226	    62
25.123	    62
25.1234	    63
25.1238	    63
25.1241	    63
25.1245	    63
25.1249	    63
25.1252	    63
25.1256	    63
25.126	    63
25.1263	    64
25.1267	    63
25.1271	    64
25.1275	    64
25.1278	    64
25.1282	    64
25.1286	    64
25.1289	    64
25.1293	    64
25.1297	    64
 25.13	    64
25.1304	    64
25.1308	    64
25.1311	    64
25.1315	    65
25.1319	    65
25.1323	    65
25.1326	    65
25.133	    65
25.1334	    65
25.1337	    65
25.1341	    65
25.1345	    65
25.1348	    65
25.1352	    65
25.1356	    65
25.136	    66
25.1363	    65
25.1367	    66
25.1371	    66
25.1374	    66
25.1378	    66
25.1382	    66
25.1385	    66
25.1389	    66
25.1393	    66
25.1397	    66
 25.14	    66
25.1404	    67
25.1408	    66
25.1411	    67
25.1415	    67
25.1419	    67
25.1422	    67
25.1426	    67
25.143	    67
25.1434	    67
25.1437	    67
25.1441	    67
25.1445	    67
25.1448	    67
25.1452	    67
25.1456	    67
25.1459	    67
25.1463	    68
25.1467	    67
25.1471	    68
25.1474	    68
25.1478	    68
25.1482	    68
25.1485	    68
25.1489	    68
25.1493	    68
25.1496	    68
 25.15	    68
25.1504	    68
25.1508	    68
25.1511	    68
25.1515	    69
25.1519	    69
25.1522	    69
25.1526	    69
25.153	    69
25.1533	    69
25.1537	    69
25.1541	    69
25.1544	    69
25.1548	    69
25.1552	    69
25.1556	    69
25.1559	    69
25.1563	    69
25.1567	    69
25.157	    69
25.1574	    69
25.1578	    69
25.1581	    70
25.1585	    69
25.1589	    70
25.1593	    70
25.1596	    70
 25.16	    70
25.1604	    70
25.1607	    70
25.1611	    70
25.1615	    70
25.1618	    70
25.1622	    70
25.1626	    70
25.163	    70
25.1633	    71
25.1637	    71
25.1641	    71
25.1644	    71
25.1648	    71
25.1652	    71
25.1655	    71
25.1659	    71
25.1663	    72
25.1667	    71
25.167	    72
25.1674	    72
25.1678	    72
25.1681	    72
25.1685	    72
25.1689	    72
25.1692	    73
25.1696	    72
 25.17	    73
25.1704	    73
25.1707	    73
25.1711	    73
25.1715	    73
25.1718	    73
25.1722	    73
25.1726	    73
25.1729	    74
25.1733	    73
25.1737	    74
25.1741	    74
25.1744	    74
25.1748	    74
25.1752	    75
25.1755	    74
25.1759	    75
25.1763	    75
25.1766	    75
25.177	    75
25.1774	    75
25.1777	    75
25.1781	    76
25.1785	    76
25.1789	    76
25.1792	    76
25.1796	    76
 25.18	    76
25.1803	    77
25.1807	    77
25.1811	    78
25.1814	    78
25.1818	    78
25.1822	    78
25.1826	    79
25.1829	    79
25.1833	    79
25.1837	    79
25.184	    80
25.1844	    79
25.1848	    80
25.1851	    80
25.1855	    80
25.1859	    80
25.1863	    80
25.1866	    80
25.187	    81
25.1874	    81
25.1877	    81
25.1881	    81
25.1885	    82
25.1888	    82
25.1892	    82
25.1896	    82
 25.19	    82
25.1903	    82
25.1907	    83
25.1911	    83
25.1914	    84
25.1918	    83
25.1922	    84
25.1925	    84
25.1929	    84
25.1933	    84
25.1937	    85
25.194	    85
25.1944	    85
25.1948	    85
25.1951	    86
25.1955	    86
25.1959	    86
25.1962	    86
25.1966	    87
25.197	    87
25.1974	    87
25.1977	    87
25.1981	    88
25.1985	    87
25.1988	    88
25.1992	    88
25.1996	    88
25.1999	    88
25.2003	    89
25.2007	    89
25.201	    89
25.2014	    89
25.2018	    90
25.2022	    90
25.2025	    90
25.2029	    90
25.2033	    90
25.2036	    90
25.204	    91
25.2044	    90
25.2047	    91
25.2051	    90
25.2055	    91
25.2059	    91
25.2062	    91
25.2066	    91
25.207	    91
25.2073	    91
25.2077	    92
25.2081	    92
25.2084	    92
25.2088	    92
25.2092	    93
25.2096	    92
25.2099	    93
25.2103	    93
25.2107	    93
25.211	    93
25.2114	    93
25.2118	    93
25.2121	    94
25.2125	    93
25.2129	    94
25.2133	    94
25.2136	    94
25.214	    94
25.2144	    95
25.2147	    95
25.2151	    95
25.2155	    95
25.2158	    96
25.2162	    95
25.2166	    96
25.217	    95
25.2173	    96
25.2177	    95
25.2181	    96
25.2184	    96
25.2188	    96
25.2192	    96
25.2195	    96
25.2199	    96
25.2203	    96
25.2207	    96
25.221	    96
25.2214	    96
25.2218	    97
25.2221	    96
25.2225	    97
25.2229	    97
25.2232	    97
25.2236	    97
25.224	    97
25.2243	    97
25.2247	    97
25.2251	    97
25.2255	    98
25.2258	    97
25.2262	    98
25.2266	    97
25.2269	    98
25.2273	    98
25.2277	    98
25.228	    98
25.2284	    98
25.2288	    98
25.2292	    98
25.2295	    98
25.2299	    98
25.2303	    98
25.2306	    98
25.231	    98
25.2314	    98
25.2317	    98
25.2321	    98
25.2325	    98
25.2329	    99
25.2332	    99
25.2336	    99
25.234	    99
25.2343	   100
25.2347	    99
25.2351	   100
25.2354	    99
25.2358	   100
25.2362	   100
25.2366	   100
25.2369	   100
25.2373	   100
25.2377	   100
25.238	   100
25.2384	   100
25.2388	   101
25.2391	   100
25.2395	   101
25.2399	   101
25.2403	   101
25.2406	   101
25.241	   101
25.2414	   101
25.2417	   102
25.2421	   101
25.2425	   102
25.2428	   101
25.2432	   102
25.2436	   102
25.244	   102
25.2443	   102
25.2447	   102
25.2451	   102
25.2454	   103
25.2458	   103
25.2462	   103
25.2465	   103
25.2469	   104
25.2473	   104
25.2476	   104
25.248	   104
25.2484	   104
25.2488	   104
25.2491	   104
25.2495	   104
25.2499	   104
25.2502	   104
25.2506	   104
25.251	   104
25.2513	   105
25.2517	   104
25.2521	   105
25.2525	   105
25.2528	   105
25.2532	   105
25.2536	   106
25.2539	   105
25.2543	   106
25.2547	   106
25.255	   106
25.2554	   106
25.2558	   106
25.2562	   106
25.2565	   106
25.2569	   106
25.2573	   107
25.2576	   106
25.258	   107
25.2584	   107
25.2587	   107
25.2591	   107
25.2595	   107
25.2599	   107
25.2602	   108
25.2606	   108
25.261	   108
25.2613	   108
25.2617	   109
25.2621	   108
25.2624	   109
25.2628	   109
25.2632	   110
25.2636	   110
25.2639	   110
25.2643	   110
25.2647	   111
25.265	   111
25.2654	   111
25.2658	   111
25.2661	   112
25.2665	   112
25.2669	   112
25.2673	   112
25.2676	   113
25.268	   113
25.2684	   114
25.2687	   114
25.2691	   115
25.2695	   115
25.2698	   116
25.2702	   116
25.2706	   117
25.2709	   117
25.2713	   118
25.2717	   118
25.2721	   119
25.2724	   119
25.2728	   120
25.2732	   120
25.2735	   121
25.2739	   121
25.2743	   122
25.2746	   122
25.275	   124
25.2754	   124
25.2758	   125
25.2761	   125
25.2765	   126
25.2769	   127
25.2772	   128
25.2776	   128
25.278	   130
25.2783	   130
25.2787	   131
25.2791	   132
25.2795	   133
25.2798	   134
25.2802	   136
25.2806	   136
25.2809	   138
25.2813	   138
25.2817	   139
25.282	   139
25.2824	   141
25.2828	   141
25.2832	   142
25.2835	   142
25.2839	   144
25.2843	   144
25.2846	   145
25.285	   145
25.2854	   147
25.2857	   147
25.2861	   148
25.2865	   149
25.2869	   150
25.2872	   150
25.2876	   152
25.288	   152
25.2883	   153
25.2887	   153
25.2891	   154
25.2894	   154
25.2898	   155
25.2902	   155
25.2906	   157
25.2909	   156
25.2913	   158
25.2917	   158
25.292	   159
25.2924	   158
25.2928	   159
25.2931	   159
25.2935	   160
25.2939	   159
25.2942	   160
25.2946	   160
25.295	   161
25.2954	   160
25.2957	   161
25.2961	   160
25.2965	   161
25.2968	   160
25.2972	   161
25.2976	   160
25.2979	   160
25.2983	   159
25.2987	   159
25.2991	   158
25.2994	   158
25.2998	   157
25.3002	   157
25.3005	   156
25.3009	   156
25.3013	   155
25.3016	   155
25.302	   153
25.3024	   153
25.3028	   152
25.3031	   152
25.3035	   150
25.3039	   150
25.3042	   149
25.3046	   149
25.305	   147
25.3053	   147
25.3057	   145
25.3061	   145
25.3065	   143
25.3068	   143
25.3072	   142
25.3076	   142
25.3079	   140
25.3083	   140
25.3087	   138
25.309	   138
25.3094	   136
25.3098	   136
25.3102	   134
25.3105	   134
25.3109	   132
25.3113	   132
25.3116	   131
25.312	   131
25.3124	   129
25.3127	   129
25.3131	   128
25.3135	   128
25.3138	   126
25.3142	   126
25.3146	   124
25.315	   124
25.3153	   123
25.3157	   122
25.3161	   121
25.3164	   120
25.3168	   119
25.3172	   118
25.3175	   117
25.3179	   117
25.3183	   115
25.3187	   115
25.319	   114
25.3194	   114
25.3198	   113
25.3201	   113
25.3205	   112
25.3209	   112
25.3212	   111
25.3216	   111
25.322	   110
25.3224	   110
25.3227	   109
25.3231	   109
25.3235	   108
25.3238	   108
25.3242	   107
25.3246	   108
25.3249	   107
25.3253	   107
25.3257	   106
25.3261	   107
25.3264	   106
25.3268	   106
25.3272	   105
25.3275	   105
25.3279	   104
25.3283	   105
25.3286	   104
25.329	   104
25.3294	   103
25.3298	   104
25.3301	   103
25.3305	   103
25.3309	   103
25.3312	   103
25.3316	   103
25.332	   103
25.3323	   102
25.3327	   103
25.3331	   102
25.3335	   102
25.3338	   102
25.3342	   102
25.3346	   102
25.3349	   102
25.3353	   101
25.3357	   101
25.336	   101
25.3364	   101
25.3368	   100
25.3371	   101
25.3375	   100
25.3379	   100
25.3383	    99
25.3386	   100
25.339	    99
25.3394	    99
25.3397	    99
25.3401	    99
25.3405	    99
25.3408	    99
25.3412	    98
25.3416	    98
25.342	    98
25.3423	    98
25.3427	    97
25.3431	    98
25.3434	    97
25.3438	    97
25.3442	    97
25.3445	    97
25.3449	    96
25.3453	    96
25.3457	    95
25.346	    96
25.3464	    95
25.3468	    95
25.3471	    95
25.3475	    95
25.3479	    95
25.3482	    95
25.3486	    94
25.349	    94
25.3494	    94
25.3497	    94
25.3501	    94
25.3505	    94
25.3508	    93
25.3512	    93
25.3516	    93
25.3519	    93
25.3523	    92
25.3527	    93
25.3531	    92
25.3534	    92
25.3538	    92
25.3542	    92
25.3545	    91
25.3549	    92
25.3553	    91
25.3556	    91
25.356	    91
25.3564	    91
25.3568	    90
25.3571	    90
25.3575	    90
25.3579	    90
25.3582	    90
25.3586	    90
25.359	    89
25.3593	    89
25.3597	    89
25.3601	    89
25.3604	    89
25.3608	    89
25.3612	    89
25.3616	    89
25.3619	    89
25.3623	    89
25.3627	    88
25.363	    89
25.3634	    88
25.3638	    88
25.3641	    88
25.3645	    88
25.3649	    88
25.3653	    88
25.3656	    87
25.366	    88
25.3664	    87
25.3667	    87
25.3671	    87
25.3675	    87
25.3678	    87
25.3682	    87
25.3686	    87
25.369	    87
25.3693	    87
25.3697	    87
25.3701	    87
25.3704	    87
25.3708	    86
25.3712	    87
25.3715	    86
25.3719	    86
25.3723	    86
25.3727	    86
25.373	    86
25.3734	    86
25.3738	    86
25.3741	    86
25.3745	    85
25.3749	    86
25.3752	    85
25.3756	    86
25.376	    85
25.3764	    86
25.3767	    85
25.3771	    85
25.3775	    85
25.3778	    85
25.3782	    85
25.3786	    85
25.3789	    85
25.3793	    85
25.3797	    85
25.3801	    85
25.3804	    85
25.3808	    85
25.3812	    85
25.3815	    85
25.3819	    84
25.3823	    85
25.3826	    84
25.383	    85
25.3834	    84
25.3837	    85
25.3841	    84
25.3845	    85
25.3849	    84
25.3852	    84
25.3856	    84
25.386	    84
25.3863	    84
25.3867	    84
25.3871	    84
25.3874	    84
25.3878	    84
25.3882	    84
25.3886	    83
25.3889	    84
25.3893	    83
25.3897	    84
 25.39	    83
25.3904	    84
25.3908	    83
25.3911	    84
25.3915	    83
25.3919	    84
25.3923	    83
25.3926	    84
25.393	    84
25.3934	    84
25.3937	    84
25.3941	    84
25.3945	    84
25.3948	    85
25.3952	    84
25.3956	    85
25.396	    85
25.3963	    85
25.3967	    85
25.3971	    85
25.3974	    85
25.3978	    85
25.3982	    85
25.3985	    85
25.3989	    85
25.3993	    85
25.3997	    85
  25.4	    85
25.4004	    85
25.4008	    85
25.4011	    85
25.4015	    86
25.4019	    86
25.4022	    86
25.4026	    86
25.403	    86
25.4034	    86
25.4037	    87
25.4041	    87
25.4045	    87
25.4048	    87
25.4052	    87
25.4056	    87
25.4059	    87
25.4063	    87
25.4067	    88
25.407	    87
25.4074	    88
25.4078	    88
25.4082	    88
25.4085	    88
25.4089	    89
25.4093	    88
25.4096	    89
 25.41	    89
25.4104	    89
25.4107	    89
25.4111	    89
25.4115	    89
25.4119	    89
25.4122	    89
25.4126	    90
25.413	    89
25.4133	    90
25.4137	    90
25.4141	    90
25.4144	    90
25.4148	    90
25.4152	    90
25.4156	    90
25.4159	    90
25.4163	    91
25.4167	    91
25.417	    91
25.4174	    91
25.4178	    91
25.4181	    91
25.4185	    92
25.4189	    91
25.4193	    91
25.4196	    91
 25.42	    91
25.4204	    91
25.4207	    91
25.4211	    91
25.4215	    91
25.4218	    91
25.4222	    91
25.4226	    90
25.423	    91
25.4233	    90
25.4237	    91
25.4241	    90
25.4244	    91
25.4248	    90
25.4252	    91
25.4255	    90
25.4259	    91
25.4263	    90
25.4267	    91
25.427	    90
25.4274	    90
25.4278	    90
25.4281	    90
25.4285	    90
25.4289	    90
25.4292	    89
25.4296	    89
 25.43	    89
25.4303	    89
25.4307	    88
25.4311	    89
25.4315	    88
25.4318	    88
25.4322	    88
25.4326	    88
25.4329	    88
25.4333	    88
25.4337	    88
25.434	    88
25.4344	    88
25.4348	    88
25.4352	    88
25.4355	    88
25.4359	    87
25.4363	    88
25.4366	    87
25.437	    88
25.4374	    87
25.4377	    88
25.4381	    88
25.4385	    88
25.4389	    88
25.4392	    88
25.4396	    88
 25.44	    88
25.4403	    88
25.4407	    88
25.4411	    87
25.4414	    88
25.4418	    87
25.4422	    87
25.4426	    87
25.4429	    87
25.4433	    87
25.4437	    87
25.444	    87
25.4444	    87
25.4448	    87
25.4451	    87
25.4455	    87
25.4459	    87
25.4463	    87
25.4466	    87
25.447	    87
25.4474	    87
25.4477	    87
25.4481	    87
25.4485	    87
25.4488	    87
25.4492	    87
25.4496	    87
 25.45	    87
25.4503	    87
25.4507	    87
25.4511	    88
25.4514	    87
25.4518	    87
25.4522	    87
25.4525	    87
25.4529	    87
25.4533	    87
25.4536	    87
25.454	    87
25.4544	    87
25.4548	    87
25.4551	    86
25.4555	    87
25.4559	    86
25.4562	    87
25.4566	    86
25.457	    86
25.4573	    86
25.4577	    86
25.4581	    86
25.4585	    86
25.4588	    86
25.4592	    86
25.4596	    85
25.4599	    85
25.4603	    85
25.4607	    85
25.461	    84
25.4614	    85
25.4618	    84
25.4622	    85
25.4625	    84
25.4629	    84
25.4633	    84
25.4636	    84
25.464	    84
25.4644	    84
25.4647	    83
25.4651	    84
25.4655	    83
25.4659	    83
25.4662	    83
25.4666	    83
25.467	    83
25.4673	    83
25.4677	    82
25.4681	    82
25.4684	    82
25.4688	    82
25.4692	    82
25.4696	    82
25.4699	    82
25.4703	    82
25.4707	    82
25.471	    82
25.4714	    81
25.4718	    81
25.4721	    81
25.4725	    81
25.4729	    80
25.4733	    80
25.4736	    80
25.474	    80
25.4744	    79
25.4747	    79
25.4751	    78
25.4755	    78
25.4758	    78
25.4762	    78
25.4766	    78
25.4769	    78
25.4773	    77
25.4777	    78
25.4781	    77
25.4784	    77
25.4788	    77
25.4792	    77
25.4795	    76
25.4799	    76
25.4803	    76
25.4806	    76
25.481	    75
25.4814	    75
25.4818	    75
25.4821	    75
25.4825	    74
25.4829	    74
25.4832	    74
25.4836	    74
25.484	    73
25.4843	    74
25.4847	    73
25.4851	    73
25.4855	    72
25.4858	    73
25.4862	    72
25.4866	    72
25.4869	    72
25.4873	    72
25.4877	    71
25.488	    71
25.4884	    71
25.4888	    71
25.4892	    70
25.4895	    70
25.4899	    70
25.4903	    70
25.4906	    69
25.491	    69
25.4914	    69
25.4917	    69
25.4921	    69
25.4925	    69
25.4929	    68
25.4932	    68
25.4936	    68
25.494	    68
25.4943	    68
25.4947	    68
25.4951	    67
25.4954	    67
25.4958	    67
25.4962	    66
25.4966	    66
25.4969	    66
25.4973	    66
25.4977	    66
25.498	    65
25.4984	    65
25.4988	    65
25.4991	    65
25.4995	    64
25.4999	    65
25.5002	    64
25.5006	    64
25.501	    64
25.5014	    64
25.5017	    63
25.5021	    63
25.5025	    63
25.5028	    63
25.5032	    62
25.5036	    62
25.5039	    62
25.5043	    62
25.5047	    62
25.5051	    62
25.5054	    62
25.5058	    62
25.5062	    61
25.5065	    62
25.5069	    61
25.5073	    61
25.5076	    61
25.508	    61
25.5084	    60
25.5088	    60
25.5091	    60
25.5095	    60
25.5099	    59
25.5102	    59
25.5106	    59
25.511	    59
25.5113	    58
25.5117	    59
25.5121	    58
25.5125	    58
25.5128	    58
25.5132	    58
25.5136	    58
25.5139	    58
25.5143	    58
25.5147	    58
25.515	    58
25.5154	    58
25.5158	    57
25.5162	    58
25.5165	    57
25.5169	    57
25.5173	    57
25.5176	    57
25.518	    57
25.5184	    57
25.5187	    56
25.5191	    56
25.5195	    56
25.5199	    56
25.5202	    56
25.5206	    56
25.521	    56
25.5213	    56
25.5217	    56
25.5221	    56
25.5224	    56
25.5228	    56
25.5232	    56
25.5235	    56
25.5239	    55
25.5243	    55
25.5247	    55
25.525	    55
25.5254	    55
25.5258	    55
25.5261	    54
25.5265	    54
25.5269	    54
25.5272	    54
25.5276	    54
25.528	    54
25.5284	    54
25.5287	    54
25.5291	    54
25.5295	    54
25.5298	    54
25.5302	    54
25.5306	    54
25.5309	    54
25.5313	    54
25.5317	    54
25.5321	    53
25.5324	    53
25.5328	    53
25.5332	    53
25.5335	    53
25.5339	    53
25.5343	    53
25.5346	    53
25.535	    52
25.5354	    53
25.5358	    52
25.5361	    52
25.5365	    52
25.5369	    52
25.5372	    52
25.5376	    52
25.538	    52
25.5383	    52
25.5387	    52
25.5391	    52
25.5395	    52
25.5398	    52
25.5402	    52
25.5406	    52
25.5409	    52
25.5413	    52
25.5417	    51
25.542	    51
25.5424	    51
25.5428	    51
25.5432	    51
25.5435	    51
25.5439	    51
25.5443	    51
25.5446	    51
25.545	    51
25.5454	    50
25.5457	    50
25.5461	    50
25.5465	    50
25.5468	    50
25.5472	    50
25.5476	    50
25.548	    50
25.5483	    50
25.5487	    50
25.5491	    50
25.5494	    50
25.5498	    50
25.5502	    50
25.5505	    50
25.5509	    50
25.5513	    49
25.5517	    50
25.552	    49
25.5524	    49
25.5528	    49
25.5531	    49
25.5535	    49
25.5539	    49
25.5542	    48
25.5546	    49
25.555	    48
25.5554	    48
25.5557	    48
25.5561	    48
25.5565	    48
25.5568	    48
25.5572	    48
25.5576	    48
25.5579	    47
25.5583	    48
25.5587	    47
25.5591	    47
25.5594	    47
25.5598	    47
25.5602	    47
25.5605	    47
25.5609	    47
25.5613	    47
25.5616	    47
25.562	    47
25.5624	    47
25.5628	    47
25.5631	    46
25.5635	    46
25.5639	    46
25.5642	    46
25.5646	    46
25.565	    46
25.5653	    45
25.5657	    45
25.5661	    45
25.5664	    45
25.5668	    45
25.5672	    45
25.5676	    45
25.5679	    45
25.5683	    45
25.5687	    45
25.569	    44
25.5694	    44
25.5698	    44
25.5701	    44
25.5705	    44
25.5709	    44
25.5713	    44
25.5716	    44
25.572	    44
25.5724	    44
25.5727	    44
25.5731	    44
25.5735	    44
25.5738	    44
25.5742	    43
25.5746	    43
25.575	    43
25.5753	    43
25.5757	    43
25.5761	    43
25.5764	    43
25.5768	    43
25.5772	    43
25.5775	    43
25.5779	    42
25.5783	    42
25.5787	    42
25.579	    42
25.5794	    42
25.5798	    42
25.5801	    42
25.5805	    42
25.5809	    41
25.5812	    41
25.5816	    41
25.582	    41
25.5824	    41
25.5827	    41
25.5831	    40
25.5835	    40
25.5838	    40
25.5842	    40
25.5846	    40
25.5849	    40
25.5853	    40
25.5857	    40
25.5861	    40
25.5864	    40
25.5868	    39
25.5872	    40
25.5875	    39
25.5879	    39
25.5883	    39
25.5886	    39
25.589	    39
25.5894	    39
25.5897	    39
25.5901	    39
25.5905	    38
25.5909	    38
25.5912	    38
25.5916	    38
25.592	    38
25.5923	    38
25.5927	    38
25.5931	    38
25.5934	    38
25.5938	    38
25.5942	    37
25.5946	    37
25.5949	    37
25.5953	    37
25.5957	    37
25.596	    37
25.5964	    36
25.5968	    36
25.5971	    36
25.5975	    36
25.5979	    36
25.5983	    36
25.5986	    36
25.599	    36
25.5994	    36
25.5997	    36
25.6001	    35
25.6005	    35
25.6008	    35
25.6012	    35
25.6016	    35
25.602	    35
25.6023	    34
25.6027	    34
25.6031	    34
25.6034	    34
25.6038	    34
25.6042	    34
25.6045	    34
25.6049	    34
25.6053	    34
25.6057	    34
25.606	    33
25.6064	    33
25.6068	    33
25.6071	    33
25.6075	    33
25.6079	    33
25.6082	    33
25.6086	    33
25.609	    32
25.6094	    33
25.6097	    32
25.6101	    32
25.6105	    32
25.6108	    32
25.6112	    32
25.6116	    32
25.6119	    32
25.6123	    32
25.6127	    32
25.613	    31
25.6134	    31
25.6138	    31
25.6142	    31
25.6145	    31
25.6149	    31
25.6153	    31
25.6156	    31
25.616	    31
25.6164	    30
25.6167	    30
25.6171	    30
25.6175	    30
25.6179	    30
25.6182	    30
25.6186	    30
25.619	    30
25.6193	    30
25.6197	    30
25.6201	    30
25.6204	    29
25.6208	    29
25.6212	    29
25.6216	    29
25.6219	    29
25.6223	    29
25.6227	    29
25.623	    29
25.6234	    29
25.6238	    29
25.6241	    29
25.6245	    28
25.6249	    28
25.6253	    28
25.6256	    28
25.626	    28
25.6264	    28
25.6267	    28
25.6271	    28
25.6275	    28
25.6278	    28
25.6282	    27
25.6286	    27
25.629	    27
25.6293	    27
25.6297	    27
25.6301	    27
25.6304	    27
25.6308	    27
25.6312	    27
25.6315	    27
25.6319	    27
25.6323	    27
25.6327	    26
25.633	    26
25.6334	    26
25.6338	    26
25.6341	    26
25.6345	    26
25.6349	    26
25.6352	    26
25.6356	    26
25.636	    26
25.6363	    26
25.6367	    26
25.6371	    26
25.6375	    26
25.6378	    26
25.6382	    26
25.6386	    26
25.6389	    26
25.6393	    26
25.6397	    26
 25.64	    26
25.6404	    26
25.6408	    26
25.6412	    26
25.6415	    25
25.6419	    26
25.6423	    25
25.6426	    25
25.643	    25
25.6434	    25
25.6437	    25
25.6441	    25
25.6445	    25
25.6449	    25
25.6452	    25
25.6456	    25
25.646	    25
25.6463	    25
25.6467	    24
25.6471	    24
25.6474	    24
25.6478	    24
25.6482	    24
25.6486	    24
25.6489	    24
25.6493	    24
25.6497	    24
 25.65	    24
25.6504	    24
25.6508	    24
25.6511	    24
25.6515	    24
25.6519	    24
25.6523	    24
25.6526	    24
25.653	    24
25.6534	    24
25.6537	    24
25.6541	    24
25.6545	    23
25.6548	    23
25.6552	    23
25.6556	    23
25.656	    23
25.6563	    23
25.6567	    23
25.6571	    23
25.6574	    23
25.6578	    23
25.6582	    23
25.6585	    22
25.6589	    22
25.6593	    22
25.6596	    22
 25.66	    22
25.6604	    22
25.6608	    22
25.6611	    22
25.6615	    22
25.6619	    22
25.6622	    22
25.6626	    22
25.663	    22
25.6633	    22
25.6637	    22
25.6641	    22
25.6645	    22
25.6648	    22
25.6652	    22
25.6656	    22
25.6659	    22
25.6663	    22
25.6667	    22
25.667	    22
25.6674	    21
25.6678	    21
25.6682	    21
25.6685	    21
25.6689	    21
25.6693	    21
25.6696	    21
 25.67	    21
25.6704	    21
25.6707	    21
25.6711	    21
25.6715	    21
25.6719	    21
25.6722	    21
25.6726	    21
25.673	    21
25.6733	    21
25.6737	    21
25.6741	    21
25.6744	    21
25.6748	    21
25.6752	    21
25.6756	    21
25.6759	    21
25.6763	    21
25.6767	    21
25.677	    20
25.6774	    20
25.6778	    20
25.6781	    20
25.6785	    20
25.6789	    20
25.6793	    20
25.6796	    20
 25.68	    20
25.6804	    20
25.6807	    20
25.6811	    20
25.6815	    20
25.6818	    20
25.6822	    20
25.6826	    20
25.6829	    20
25.6833	    20
25.6837	    20
25.6841	    20
25.6844	    20
25.6848	    20
25.6852	    20
25.6855	    20
25.6859	    20
25.6863	    20
25.6866	    20
25.687	    20
25.6874	    20
25.6878	    20
25.6881	    19
25.6885	    19
25.6889	    19
25.6892	    19
25.6896	    19
 25.69	    19
25.6903	    19
25.6907	    19
25.6911	    19
25.6915	    19
25.6918	    19
25.6922	    19
25.6926	    19
25.6929	    19
25.6933	    19
25.6937	    19
25.694	    19
25.6944	    19
25.6948	    19
25.6952	    19
25.6955	    19
25.6959	    19
25.6963	    19
25.6966	    19
25.697	    19
25.6974	    19
25.6977	    18
25.6981	    19
25.6985	    18
25.6989	    19
25.6992	    18
25.6996	    19
  25.7	    18
25.7003	    18
25.7007	    18
25.7011	    18
25.7014	    18
25.7018	    18
25.7022	    18
25.7026	    18
25.7029	    18
25.7033	    18
25.7037	    18
25.704	    18
25.7044	    18
25.7048	    18
25.7051	    18
25.7055	    18
25.7059	    18
25.7062	    18
25.7066	    18
25.707	    18
25.7074	    18
25.7077	    18
25.7081	    18
25.7085	    18
25.7088	    18
25.7092	    18
25.7096	    18
25.7099	    18
25.7103	    18
25.7107	    18
25.7111	    18
25.7114	    18
25.7118	    18
25.7122	    18
25.7125	    18
25.7129	    18
25.7133	    18
25.7136	    18
25.714	    18
25.7144	    18
25.7148	    17
25.7151	    17
25.7155	    17
25.7159	    17
25.7162	    17
25.7166	    17
25.717	    17
25.7173	    17
25.7177	    17
25.7181	    17
25.7185	    17
25.7188	    17
25.7192	    17
25.7196	    17
25.7199	    17
25.7203	    17
25.7207	    17
25.721	    17
25.7214	    17
25.7218	    17
25.7222	    17
25.7225	    17
25.7229	    17
25.7233	    17
25.7236	    17
25.724	    16
25.7244	    16
25.7247	    16
25.7251	    16
25.7255	    16
25.7259	    16
25.7262	    16
25.7266	    16
25.727	    17
25.7273	    16
25.7277	    16
25.7281	    16
25.7284	    16
25.7288	    16
25.7292	    16
25.7295	    16
25.7299	    16
25.7303	    16
25.7307	    16
25.731	    16
25.7314	    16
25.7318	    16
25.7321	    16
25.7325	    16
25.7329	    16
25.7332	    16
25.7336	    16
25.734	    16
25.7344	    16
25.7347	    16
25.7351	    16
25.7355	    16
25.7358	    16
25.7362	    16
25.7366	    16
25.7369	    16
25.7373	    16
25.7377	    16
25.7381	    16
25.7384	    16
25.7388	    16
25.7392	    16
25.7395	    16
25.7399	    16
25.7403	    16
25.7406	    16
25.741	    16
25.7414	    16
25.7418	    16
25.7421	    16
25.7425	    16
25.7429	    16
25.7432	    16
25.7436	    16
25.744	    16
25.7443	    16
25.7447	    16
25.7451	    15
25.7455	    15
25.7458	    15
25.7462	    15
25.7466	    15
25.7469	    15
25.7473	    15
25.7477	    15
25.748	    15
25.7484	    15
25.7488	    15
25.7492	    15
25.7495	    15
25.7499	    15
25.7503	    15
25.7506	    15
25.751	    15
25.7514	    15
25.7517	    15
25.7521	    15
25.7525	    15
25.7528	    15
25.7532	    15
25.7536	    15
25.754	    14
25.7543	    14
25.7547	    14
25.7551	    14
25.7554	    14
25.7558	    14
25.7562	    14
25.7565	    14
25.7569	    14
25.7573	    14
25.7577	    14
25.758	    14
25.7584	    14
25.7588	    14
25.7591	    14
25.7595	    14
25.7599	    14
25.7602	    14
25.7606	    14
25.761	    14
25.7614	    14
25.7617	    14
25.7621	    14
25.7625	    14
25.7628	    14
25.7632	    14
25.7636	    14
25.7639	    14
25.7643	    14
25.7647	    14
25.7651	    14
25.7654	    14
25.7658	    14
25.7662	    14
25.7665	    14
25.7669	    14
25.7673	    14
25.7676	    14
25.768	    14
25.7684	    14
25.7688	    14
25.7691	    14
25.7695	    14
25.7699	    14
25.7702	    14
25.7706	    14
25.771	    13
25.7713	    13
25.7717	    13
25.7721	    13
25.7725	    13
25.7728	    13
25.7732	    13
25.7736	    13
25.7739	    13
25.7743	    13
25.7747	    13
25.775	    13
25.7754	    13
25.7758	    13
25.7761	    13
25.7765	    13
25.7769	    13
25.7773	    13
25.7776	    13
25.778	    13
25.7784	    13
25.7787	    13
25.7791	    13
25.7795	    13
25.7798	    13
25.7802	    13
25.7806	    13
25.781	    13
25.7813	    13
25.7817	    13
25.7821	    13
25.7824	    13
25.7828	    13
25.7832	    13
25.7835	    13
25.7839	    13
25.7843	    13
25.7847	    13
25.785	    13
25.7854	    13
25.7858	    13
25.7861	    13
25.7865	    13
25.7869	    13
25.7872	    13
25.7876	    13
25.788	    13
25.7884	    13
25.7887	    13
25.7891	    13
25.7895	    13
25.7898	    12
25.7902	    12
25.7906	    12
25.7909	    12
25.7913	    12
25.7917	    12
25.7921	    12
25.7924	    12
25.7928	    12
25.7932	    12
25.7935	    12
25.7939	    12
25.7943	    12
25.7946	    12
25.795	    12
25.7954	    12
25.7958	    12
25.7961	    12
25.7965	    12
25.7969	    12
25.7972	    12
25.7976	    12
25.798	    12
25.7983	    12
25.7987	    12
25.7991	    12
25.7994	    12
25.7998	    12
25.8002	    12
25.8006	    12
25.8009	    12
25.8013	    12
25.8017	    12
25.802	    12
25.8024	    12
25.8028	    12
25.8031	    12
25.8035	    12
25.8039	    12
25.8043	    12
25.8046	    12
25.805	    12
25.8054	    12
25.8057	    12
25.8061	    12
25.8065	    12
25.8068	    12
25.8072	    12
25.8076	    12
25.808	    12
25.8083	    12
25.8087	    12
25.8091	    12
25.8094	    12
25.8098	    12
25.8102	    12
25.8105	    12
25.8109	    12
25.8113	    12
25.8117	    12
25.812	    12
25.8124	    12
25.8128	    12
25.8131	    12
25.8135	    12
25.8139	    12
25.8142	    12
25.8146	    12
25.815	    12
25.8154	    12
25.8157	    12
25.8161	    12
25.8165	    12
25.8168	    12
25.8172	    12
25.8176	    12
25.8179	    12
25.8183	    12
25.8187	    12
25.819	    12
25.8194	    12
25.8198	    12
25.8202	    12
25.8205	    11
25.8209	    11
25.8213	    11
25.8216	    11
25.822	    11
25.8224	    11
25.8227	    11
25.8231	    11
25.8235	    11
25.8239	    11
25.8242	    11
25.8246	    11
25.825	    11
25.8253	    11
25.8257	    11
25.8261	    11
25.8264	    11
25.8268	    11
25.8272	    11
25.8276	    11
25.8279	    11
25.8283	    11
25.8287	    11
25.829	    11
25.8294	    11
25.8298	    11
25.8301	    11
25.8305	    11
25.8309	    11
25.8313	    11
25.8316	    11
25.832	    11
25.8324	    11
25.8327	    11
25.8331	    11
25.8335	    11
25.8338	    11
25.8342	    11
25.8346	    11
25.835	    11
25.8353	    11
25.8357	    11
25.8361	    11
25.8364	    11
25.8368	    11
25.8372	    11
25.8375	    11
25.8379	    11
25.8383	    11
25.8387	    11
25.839	    11
25.8394	    11
25.8398	    11
25.8401	    11
25.8405	    11
25.8409	    11
25.8412	    11
25.8416	    11
25.842	    11
25.8423	    11
25.8427	    11
25.8431	    11
25.8435	    11
25.8438	    11
25.8442	    11
25.8446	    11
25.8449	    11
25.8453	    11
25.8457	    11
25.846	    11
25.8464	    11
25.8468	    11
25.8472	    11
25.8475	    11
25.8479	    11
25.8483	    11
25.8486	    11
25.849	    11
25.8494	    11
25.8497	    11
25.8501	    11
25.8505	    11
25.8509	    11
25.8512	    11
25.8516	    11
25.852	    11
25.8523	    11
25.8527	    11
25.8531	    11
25.8534	    11
25.8538	    11
25.8542	    11
25.8546	    11
25.8549	    11
25.8553	    11
25.8557	    11
25.856	    11
25.8564	    11
25.8568	    10
25.8571	    10
25.8575	    10
25.8579	    10
25.8583	    11
25.8586	    10
25.859	    10
25.8594	    10
25.8597	    10
25.8601	    10
25.8605	    10
25.8608	    10
25.8612	    10
25.8616	    10
25.862	    10
25.8623	    10
25.8627	    10
25.8631	    10
25.8634	    11
25.8638	    11
25.8642	    11
25.8645	    11
25.8649	    11
25.8653	    11
25.8656	    10
25.866	    10
25.8664	    10
25.8668	    10
25.8671	    10
25.8675	    10
25.8679	    10
25.8682	    10
25.8686	    10
25.869	    10
25.8693	    10
25.8697	    10
25.8701	    10
25.8705	    10
25.8708	    10
25.8712	    10
25.8716	    10
25.8719	    10
25.8723	    10
25.8727	    10
25.873	    10
25.8734	    10
25.8738	    10
25.8742	    10
25.8745	    10
25.8749	    10
25.8753	    10
25.8756	    10
25.876	    10
25.8764	    10
25.8767	    10
25.8771	    10
25.8775	    10
25.8779	    10
25.8782	    10
25.8786	    10
25.879	    10
25.8793	    10
25.8797	    10
25.8801	    10
25.8804	    10
25.8808	    10
25.8812	    10
25.8816	    10
25.8819	    10
25.8823	    10
25.8827	    10
25.883	    10
25.8834	    10
25.8838	    10
25.8841	    10
25.8845	    10
25.8849	    10
25.8853	    10
25.8856	    10
25.886	    10
25.8864	    10
25.8867	    10
25.8871	    10
25.8875	    10
25.8878	    10
25.8882	    10
25.8886	    10
25.8889	    10
25.8893	    10
25.8897	    10
25.8901	    10
25.8904	    10
25.8908	    10
25.8912	    10
25.8915	    10
25.8919	    10
25.8923	    10
25.8926	    10
25.893	    10
25.8934	    10
25.8938	    10
25.8941	    10
25.8945	    10
25.8949	    10
25.8952	    10
25.8956	    10
25.896	    10
25.8963	    10
25.8967	    10
25.8971	    10
25.8975	    10
25.8978	    10
25.8982	    10
25.8986	    10
25.8989	    10
25.8993	    10
25.8997	    10
  25.9	    10
25.9004	    10
25.9008	    10
25.9012	    10
25.9015	    10
25.9019	    10
25.9023	    10
25.9026	    10
25.903	    10
25.9034	    10
25.9037	    10
25.9041	    10
25.9045	    10
25.9049	    10
25.9052	    10
25.9056	    10
25.906	    10
25.9063	    10
25.9067	    10
25.9071	    10
25.9074	    10
25.9078	    10
25.9082	    10
25.9086	    10
25.9089	    10
25.9093	    10
25.9097	    10
 25.91	    10
25.9104	    10
25.9108	    10
25.9111	    10
25.9115	    10
25.9119	    10
25.9122	    10
25.9126	    10
25.913	    10
25.9134	    10
25.9137	    10
25.9141	    10
25.9145	    10
25.9148	    10
25.9152	    10
25.9156	    10
25.9159	    10
25.9163	    10
25.9167	    10
25.9171	    10
25.9174	    10
25.9178	    10
25.9182	    10
25.9185	    10
25.9189	    10
25.9193	    10
25.9196	    10
 25.92	    10
25.9204	    10
25.9208	    10
25.9211	    10
25.9215	    10
25.9219	    10
25.9222	    10
25.9226	    10
25.923	    10
25.9233	    10
25.9237	     9
25.9241	     9
25.9245	     9
25.9248	     9
25.9252	     9
25.9256	     9
25.9259	     9
25.9263	    10
25.9267	    10
25.927	    10
25.9274	    10
25.9278	    10
25.9282	    10
25.9285	    10
25.9289	    10
25.9293	    10
25.9296	    10
 25.93	    10
25.9304	    10
25.9307	    10
25.9311	    10
25.9315	    10
25.9319	    10
25.9322	    10
25.9326	     9
25.933	     9
25.9333	     9
25.9337	     9
25.9341	     9
25.9344	     9
25.9348	     9
25.9352	     9
25.9355	     9
25.9359	     9
25.9363	    10
25.9367	     9
25.937	     9
25.9374	     9
25.9378	     9
25.9381	     9
25.9385	     9
25.9389	     9
25.9392	     9
25.9396	     9
 25.94	     9
25.9404	     9
25.9407	     9
25.9411	     9
25.9415	     9
25.9418	     9
25.9422	     9
25.9426	     9
25.9429	     9
25.9433	     9
25.9437	     9
25.9441	     9
25.9444	     9
25.9448	     9
25.9452	     9
25.9455	     9
25.9459	     9
25.9463	     9
25.9466	     9
25.947	     9
25.9474	     9
25.9478	     9
25.9481	     9
25.9485	     9
25.9489	     9
25.9492	     9
25.9496	     9
 25.95	     9
25.9503	     9
25.9507	     9
25.9511	     9
25.9515	     9
25.9518	     9
25.9522	     9
25.9526	     9
25.9529	     9
25.9533	     9
25.9537	     9
25.954	     9
25.9544	     9
25.9548	     9
25.9552	     9
25.9555	     9
25.9559	     9
25.9563	     9
25.9566	     9
25.957	     9
25.9574	     9
25.9577	     9
25.9581	     9
25.9585	     9
25.9588	     9
25.9592	     9
25.9596	     9
 25.96	     9
25.9603	     9
25.9607	     9
25.9611	     9
25.9614	     9
25.9618	     9
25.9622	     9
25.9625	     9
25.9629	     9
25.9633	     9
25.9637	     9
25.964	     9
25.9644	     9
25.9648	     9
25.9651	     9
25.9655	     9
25.9659	     9
25.9662	     9
25.9666	     9
25.967	     9
25.9674	     9
25.9677	     9
25.9681	     9
25.9685	     9
25.9688	     9
25.9692	     9
25.9696	     9
25.9699	     9
25.9703	     9
25.9707	     9
25.9711	     9
25.9714	     9
25.9718	     9
25.9722	     9
25.9725	     9
25.9729	     9
25.9733	     9
25.9736	     9
25.974	     9
25.9744	     9
25.9748	     9
25.9751	     9
25.9755	     9
25.9759	     9
25.9762	     9
25.9766	     9
25.977	     9
25.9773	     9
25.9777	     9
25.9781	     9
25.9785	     9
25.9788	     9
25.9792	     9
25.9796	     9
25.9799	     9
25.9803	     9
25.9807	     9
25.981	     9
25.9814	     8
25.9818	     8
25.9821	     8
25.9825	     8
25.9829	     8
25.9833	     8
25.9836	     8
25.984	     8
25.9844	     8
25.9847	     8
25.9851	     8
25.9855	     8
25.9858	     8
25.9862	     8
25.9866	     8
25.987	     8
25.9873	     8
25.9877	     8
25.9881	     8
25.9884	     8
25.9888	     8
25.9892	     8
25.9895	     8
25.9899	     8
25.9903	     8
25.9907	     8
25.991	     8
25.9914	     8
25.9918	     8
25.9921	     8
25.9925	     8
25.9929	     8
25.9932	     8
25.9936	     8
25.994	     8
25.9944	     8
25.9947	     8
25.9951	     8
25.9955	     8
25.9958	     8
25.9962	     8
25.9966	     8
25.9969	     8
25.9973	     8
25.9977	     8
25.9981	     8
25.9984	     8
25.9988	     8
25.9992	     8
25.9995	     8
