  24.9	    13
24.9004	    13
24.9007	    13
24.9011	    13
24.9015	    13
24.9018	    13
24.9022	    14
24.9026	    13
24.903	    13
24.9033	    13
24.9037	    14
24.9041	    14
24.9044	    14
24.9048	    14
24.9052	    14
24.9055	    14
24.9059	    14
24.9063	    14
24.9067	    14
24.907	    14
24.9074	    14
24.9078	    14
24.9081	    14
24.9085	    14
24.9089	    14
24.9092	    14
24.9096	    14
 24.91	    14
24.9104	    14
24.9107	    14
24.9111	    14
24.9115	    14
24.9118	    14
24.9122	    14
24.9126	    14
24.9129	    14
24.9133	    14
24.9137	    14
24.9141	    14
24.9144	    14
24.9148	    14
24.9152	    14
24.9155	    14
24.9159	    14
24.9163	    14
24.9166	    14
24.917	    14
24.9174	    14
24.9178	    14
24.9181	    14
24.9185	    14
24.9189	    14
24.9192	    14
24.9196	    14
 24.92	    14
24.9203	    14
24.9207	    14
24.9211	    14
24.9215	    14
24.9218	    14
24.9222	    14
24.9226	    14
24.9229	    14
24.9233	    14
24.9237	    14
24.924	    14
24.9244	    14
24.9248	    14
24.9251	    14
24.9255	    14
24.9259	    14
24.9263	    14
24.9266	    14
24.927	    14
24.9274	    14
24.9277	    14
24.9281	    14
24.9285	    14
24.9288	    14
24.9292	    14
24.9296	    14
 24.93	    14
24.9303	    15
24.9307	    15
24.9311	    15
24.9314	    15
24.9318	    15
24.9322	    15
24.9325	    15
24.9329	    15
24.9333	    15
24.9337	    15
24.934	    15
24.9344	    15
24.9348	    15
24.9351	    15
24.9355	    15
24.9359	    15
24.9362	    15
24.9366	    15
24.937	    15
24.9374	    15
24.9377	    15
24.9381	    15
24.9385	    15
24.9388	    15
24.9392	    15
24.9396	    15
24.9399	    15
24.9403	    15
24.9407	    15
24.9411	    15
24.9414	    15
24.9418	    15
24.9422	    15
24.9425	    15
24.9429	    15
24.9433	    15
24.9436	    15
24.944	    15
24.9444	    15
24.9448	    15
24.9451	    15
24.9455	    15
24.9459	    15
24.9462	    15
24.9466	    15
24.947	    15
24.9473	    15
24.9477	    15
24.9481	    15
24.9484	    15
24.9488	    15
24.9492	    15
24.9496	    15
24.9499	    15
24.9503	    15
24.9507	    15
24.951	    15
24.9514	    15
24.9518	    15
24.9521	    15
24.9525	    15
24.9529	    15
24.9533	    15
24.9536	    15
24.954	    15
24.9544	    15
24.9547	    15
24.9551	    15
24.9555	    15
24.9558	    15
24.9562	    15
24.9566	    15
24.957	    15
24.9573	    15
24.9577	    16
24.9581	    16
24.9584	    16
24.9588	    16
24.9592	    16
24.9595	    16
24.9599	    16
24.9603	    16
24.9607	    16
24.961	    16
24.9614	    16
24.9618	    16
24.9621	    16
24.9625	    16
24.9629	    16
24.9632	    16
24.9636	    16
24.964	    16
24.9644	    16
24.9647	    16
24.9651	    16
24.9655	    16
24.9658	    16
24.9662	    16
24.9666	    16
24.9669	    16
24.9673	    16
24.9677	    16
24.9681	    16
24.9684	    16
24.9688	    16
24.9692	    16
24.9695	    16
24.9699	    16
24.9703	    16
24.9706	    16
24.971	    16
24.9714	    16
24.9717	    16
24.9721	    16
24.9725	    16
24.9729	    16
24.9732	    16
24.9736	    16
24.974	    16
24.9743	    16
24.9747	    16
24.9751	    16
24.9754	    16
24.9758	    16
24.9762	    16
24.9766	    16
24.9769	    16
24.9773	    16
24.9777	    16
24.978	    16
24.9784	    16
24.9788	    16
24.9791	    16
24.9795	    16
24.9799	    16
24.9803	    16
24.9806	    16
24.981	    16
24.9814	    16
24.9817	    16
24.9821	    16
24.9825	    16
24.9828	    16
24.9832	    16
24.9836	    17
24.984	    17
24.9843	    17
24.9847	    16
24.9851	    17
24.9854	    16
24.9858	    17
24.9862	    17
24.9865	    17
24.9869	    17
24.9873	    17
24.9877	    17
24.988	    17
24.9884	    17
24.9888	    17
24.9891	    16
24.9895	    16
24.9899	    16
24.9902	    16
24.9906	    16
24.991	    17
24.9914	    17
24.9917	    17
24.9921	    17
24.9925	    17
24.9928	    17
24.9932	    17
24.9936	    17
24.9939	    17
24.9943	    17
24.9947	    17
24.995	    17
24.9954	    17
24.9958	    17
24.9962	    17
24.9965	    17
24.9969	    17
24.9973	    17
24.9976	    17
24.998	    17
24.9984	    17
24.9987	    17
24.9991	    17
24.9995	    17
24.9999	    17
25.0002	    17
25.0006	    17
25.001	    17
25.0013	    17
25.0017	    17
25.0021	    17
25.0024	    17
25.0028	    17
25.0032	    17
25.0036	    17
25.0039	    17
25.0043	    17
25.0047	    17
25.005	    17
25.0054	    17
25.0058	    17
25.0061	    17
25.0065	    17
25.0069	    17
25.0073	    17
25.0076	    17
25.008	    17
25.0084	    17
25.0087	    17
25.0091	    17
25.0095	    17
25.0098	    17
25.0102	    17
25.0106	    17
25.011	    17
25.0113	    17
25.0117	    17
25.0121	    17
25.0124	    17
25.0128	    17
25.0132	    17
25.0135	    17
25.0139	    17
25.0143	    17
25.0147	    17
25.015	    17
25.0154	    17
25.0158	    17
25.0161	    17
25.0165	    17
25.0169	    17
25.0172	    17
25.0176	    17
25.018	    17
25.0183	    17
25.0187	    17
25.0191	    17
25.0195	    17
25.0198	    17
25.0202	    17
25.0206	    17
25.0209	    17
25.0213	    17
25.0217	    17
25.022	    17
25.0224	    17
25.0228	    17
25.0232	    17
25.0235	    17
25.0239	    17
25.0243	    17
25.0246	    17
25.025	    17
25.0254	    17
25.0257	    17
25.0261	    17
25.0265	    17
25.0269	    17
25.0272	    17
25.0276	    17
25.028	    17
25.0283	    17
25.0287	    17
25.0291	    17
25.0294	    17
25.0298	    17
25.0302	    17
25.0306	    17
25.0309	    17
25.0313	    17
25.0317	    18
25.032	    18
25.0324	    18
25.0328	    18
25.0331	    18
25.0335	    18
25.0339	    18
25.0343	    18
25.0346	    18
25.035	    18
25.0354	    18
25.0357	    18
25.0361	    18
25.0365	    18
25.0368	    18
25.0372	    18
25.0376	    18
25.0379	    18
25.0383	    18
25.0387	    18
25.0391	    18
25.0394	    18
25.0398	    18
25.0402	    18
25.0405	    18
25.0409	    18
25.0413	    18
25.0416	    18
25.042	    18
25.0424	    18
25.0428	    18
25.0431	    18
25.0435	    18
25.0439	    18
25.0442	    18
25.0446	    18
25.045	    18
25.0453	    18
25.0457	    18
25.0461	    18
25.0465	    18
25.0468	    18
25.0472	    18
25.0476	    18
25.0479	    18
25.0483	    18
25.0487	    18
25.049	    18
25.0494	    18
25.0498	    18
25.0502	    18
25.0505	    18
25.0509	    18
25.0513	    18
25.0516	    18
25.052	    18
25.0524	    18
25.0527	    18
25.0531	    18
25.0535	    18
25.0539	    18
25.0542	    18
25.0546	    18
25.055	    18
25.0553	    18
25.0557	    18
25.0561	    18
25.0564	    18
25.0568	    18
25.0572	    18
25.0576	    18
25.0579	    18
25.0583	    18
25.0587	    18
25.059	    18
25.0594	    18
25.0598	    18
25.0601	    18
25.0605	    18
25.0609	    18
25.0612	    18
25.0616	    18
25.062	    18
25.0624	    18
25.0627	    18
25.0631	    18
25.0635	    18
25.0638	    18
25.0642	    18
25.0646	    18
25.0649	    19
25.0653	    19
25.0657	    19
25.0661	    19
25.0664	    19
25.0668	    19
25.0672	    19
25.0675	    19
25.0679	    19
25.0683	    19
25.0686	    19
25.069	    19
25.0694	    19
25.0698	    19
25.0701	    19
25.0705	    19
25.0709	    19
25.0712	    19
25.0716	    19
25.072	    19
25.0723	    19
25.0727	    19
25.0731	    19
25.0735	    19
25.0738	    19
25.0742	    19
25.0746	    19
25.0749	    19
25.0753	    19
25.0757	    19
25.076	    19
25.0764	    19
25.0768	    20
25.0772	    19
25.0775	    20
25.0779	    20
25.0783	    20
25.0786	    20
25.079	    20
25.0794	    19
25.0797	    20
25.0801	    20
25.0805	    20
25.0809	    20
25.0812	    20
25.0816	    20
25.082	    20
25.0823	    20
25.0827	    20
25.0831	    20
25.0834	    20
25.0838	    20
25.0842	    20
25.0845	    20
25.0849	    20
25.0853	    20
25.0857	    20
25.086	    20
25.0864	    20
25.0868	    20
25.0871	    20
25.0875	    20
25.0879	    20
25.0882	    20
25.0886	    20
25.089	    20
25.0894	    20
25.0897	    20
25.0901	    20
25.0905	    20
25.0908	    20
25.0912	    20
25.0916	    20
25.0919	    20
25.0923	    20
25.0927	    20
25.0931	    20
25.0934	    20
25.0938	    20
25.0942	    20
25.0945	    20
25.0949	    20
25.0953	    21
25.0956	    21
25.096	    21
25.0964	    21
25.0968	    21
25.0971	    21
25.0975	    21
25.0979	    21
25.0982	    21
25.0986	    21
25.099	    21
25.0993	    21
25.0997	    21
25.1001	    21
25.1005	    21
25.1008	    21
25.1012	    21
25.1016	    21
25.1019	    21
25.1023	    21
25.1027	    21
25.103	    21
25.1034	    21
25.1038	    21
25.1042	    21
25.1045	    21
25.1049	    22
25.1053	    22
25.1056	    22
25.106	    22
25.1064	    22
25.1067	    22
25.1071	    22
25.1075	    22
25.1078	    22
25.1082	    22
25.1086	    22
25.109	    22
25.1093	    22
25.1097	    22
25.1101	    22
25.1104	    22
25.1108	    22
25.1112	    22
25.1115	    22
25.1119	    22
25.1123	    22
25.1127	    22
25.113	    22
25.1134	    22
25.1138	    22
25.1141	    22
25.1145	    22
25.1149	    22
25.1152	    22
25.1156	    22
25.116	    22
25.1164	    22
25.1167	    22
25.1171	    22
25.1175	    22
25.1178	    22
25.1182	    22
25.1186	    22
25.1189	    22
25.1193	    22
25.1197	    22
25.1201	    22
25.1204	    22
25.1208	    23
25.1212	    23
25.1215	    23
25.1219	    23
25.1223	    23
25.1226	    23
25.123	    23
25.1234	    23
25.1238	    23
25.1241	    23
25.1245	    23
25.1249	    23
25.1252	    23
25.1256	    23
25.126	    23
25.1263	    23
25.1267	    23
25.1271	    24
25.1275	    24
25.1278	    24
25.1282	    24
25.1286	    24
25.1289	    24
25.1293	    24
25.1297	    24
 25.13	    24
25.1304	    23
25.1308	    23
25.1311	    23
25.1315	    23
25.1319	    23
25.1323	    23
25.1326	    23
25.133	    24
25.1334	    24
25.1337	    24
25.1341	    24
25.1345	    24
25.1348	    24
25.1352	    24
25.1356	    24
25.136	    24
25.1363	    24
25.1367	    24
25.1371	    24
25.1374	    24
25.1378	    24
25.1382	    24
25.1385	    24
25.1389	    24
25.1393	    24
25.1397	    24
 25.14	    24
25.1404	    24
25.1408	    24
25.1411	    24
25.1415	    24
25.1419	    24
25.1422	    24
25.1426	    24
25.143	    24
25.1434	    24
25.1437	    24
25.1441	    24
25.1445	    24
25.1448	    24
25.1452	    24
25.1456	    24
25.1459	    24
25.1463	    24
25.1467	    24
25.1471	    24
25.1474	    24
25.1478	    24
25.1482	    24
25.1485	    24
25.1489	    24
25.1493	    25
25.1496	    24
 25.15	    24
25.1504	    24
25.1508	    24
25.1511	    24
25.1515	    24
25.1519	    24
25.1522	    24
25.1526	    24
25.153	    24
25.1533	    24
25.1537	    25
25.1541	    25
25.1544	    25
25.1548	    25
25.1552	    25
25.1556	    25
25.1559	    25
25.1563	    25
25.1567	    25
25.157	    25
25.1574	    25
25.1578	    25
25.1581	    25
25.1585	    25
25.1589	    25
25.1593	    25
25.1596	    25
 25.16	    25
25.1604	    25
25.1607	    25
25.1611	    25
25.1615	    25
25.1618	    25
25.1622	    25
25.1626	    25
25.163	    25
25.1633	    25
25.1637	    25
25.1641	    25
25.1644	    25
25.1648	    25
25.1652	    25
25.1655	    25
25.1659	    25
25.1663	    25
25.1667	    25
25.167	    25
25.1674	    25
25.1678	    25
25.1681	    25
25.1685	    25
25.1689	    25
25.1692	    26
25.1696	    26
 25.17	    26
25.1704	    26
25.1707	    26
25.1711	    26
25.1715	    26
25.1718	    26
25.1722	    26
25.1726	    26
25.1729	    26
25.1733	    26
25.1737	    26
25.1741	    26
25.1744	    26
25.1748	    26
25.1752	    26
25.1755	    26
25.1759	    26
25.1763	    26
25.1766	    26
25.177	    26
25.1774	    26
25.1777	    26
25.1781	    26
25.1785	    26
25.1789	    26
25.1792	    26
25.1796	    26
 25.18	    26
25.1803	    27
25.1807	    27
25.1811	    27
25.1814	    27
25.1818	    27
25.1822	    27
25.1826	    27
25.1829	    27
25.1833	    27
25.1837	    27
25.184	    27
25.1844	    27
25.1848	    27
25.1851	    27
25.1855	    27
25.1859	    27
25.1863	    28
25.1866	    27
25.187	    28
25.1874	    28
25.1877	    28
25.1881	    28
25.1885	    28
25.1888	    28
25.1892	    28
25.1896	    28
 25.19	    28
25.1903	    28
25.1907	    28
25.1911	    28
25.1914	    28
25.1918	    28
25.1922	    28
25.1925	    28
25.1929	    28
25.1933	    28
25.1937	    29
25.194	    29
25.1944	    29
25.1948	    29
25.1951	    29
25.1955	    29
25.1959	    29
25.1962	    29
25.1966	    29
25.197	    29
25.1974	    29
25.1977	    29
25.1981	    29
25.1985	    29
25.1988	    29
25.1992	    29
25.1996	    29
25.1999	    29
25.2003	    29
25.2007	    29
25.201	    30
25.2014	    30
25.2018	    30
25.2022	    30
25.2025	    30
25.2029	    30
25.2033	    30
25.2036	    30
25.204	    30
25.2044	    30
25.2047	    30
25.2051	    30
25.2055	    30
25.2059	    30
25.2062	    30
25.2066	    30
25.207	    30
25.2073	    30
25.2077	    30
25.2081	    30
25.2084	    30
25.2088	    30
25.2092	    30
25.2096	    31
25.2099	    31
25.2103	    31
25.2107	    31
25.211	    31
25.2114	    31
25.2118	    31
25.2121	    31
25.2125	    31
25.2129	    31
25.2133	    31
25.2136	    31
25.214	    31
25.2144	    31
25.2147	    31
25.2151	    31
25.2155	    31
25.2158	    31
25.2162	    31
25.2166	    31
25.217	    31
25.2173	    31
25.2177	    31
25.2181	    31
25.2184	    31
25.2188	    31
25.2192	    31
25.2195	    32
25.2199	    31
25.2203	    32
25.2207	    31
25.221	    32
25.2214	    32
25.2218	    32
25.2221	    32
25.2225	    32
25.2229	    32
25.2232	    32
25.2236	    32
25.224	    32
25.2243	    32
25.2247	    32
25.2251	    32
25.2255	    32
25.2258	    32
25.2262	    32
25.2266	    32
25.2269	    32
25.2273	    32
25.2277	    32
25.228	    32
25.2284	    32
25.2288	    32
25.2292	    32
25.2295	    32
25.2299	    32
25.2303	    32
25.2306	    32
25.231	    32
25.2314	    32
25.2317	    32
25.2321	    32
25.2325	    32
25.2329	    32
25.2332	    32
25.2336	    32
25.234	    32
25.2343	    32
25.2347	    32
25.2351	    32
25.2354	    32
25.2358	    32
25.2362	    32
25.2366	    32
25.2369	    32
25.2373	    32
25.2377	    32
25.238	    32
25.2384	    32
25.2388	    32
25.2391	    32
25.2395	    32
25.2399	    32
25.2403	    32
25.2406	    32
25.241	    32
25.2414	    32
25.2417	    32
25.2421	    32
25.2425	    32
25.2428	    32
25.2432	    32
25.2436	    32
25.244	    32
25.2443	    32
25.2447	    33
25.2451	    32
25.2454	    33
25.2458	    32
25.2462	    33
25.2465	    33
25.2469	    33
25.2473	    33
25.2476	    33
25.248	    33
25.2484	    33
25.2488	    33
25.2491	    33
25.2495	    33
25.2499	    33
25.2502	    33
25.2506	    33
25.251	    33
25.2513	    33
25.2517	    33
25.2521	    33
25.2525	    33
25.2528	    33
25.2532	    33
25.2536	    33
25.2539	    33
25.2543	    33
25.2547	    33
25.255	    33
25.2554	    34
25.2558	    34
25.2562	    34
25.2565	    34
25.2569	    34
25.2573	    34
25.2576	    34
25.258	    34
25.2584	    34
25.2587	    34
25.2591	    34
25.2595	    34
25.2599	    34
25.2602	    34
25.2606	    34
25.261	    34
25.2613	    34
25.2617	    34
25.2621	    34
25.2624	    34
25.2628	    34
25.2632	    35
25.2636	    35
25.2639	    35
25.2643	    35
25.2647	    35
25.265	    35
25.2654	    36
25.2658	    36
25.2661	    36
25.2665	    36
25.2669	    37
25.2673	    37
25.2676	    37
25.268	    37
25.2684	    38
25.2687	    38
25.2691	    38
25.2695	    39
25.2698	    39
25.2702	    39
25.2706	    40
25.2709	    40
25.2713	    41
25.2717	    41
25.2721	    42
25.2724	    42
25.2728	    43
25.2732	    43
25.2735	    44
25.2739	    44
25.2743	    45
25.2746	    45
25.275	    46
25.2754	    46
25.2758	    47
25.2761	    48
25.2765	    49
25.2769	    49
25.2772	    50
25.2776	    51
25.278	    52
25.2783	    52
25.2787	    53
25.2791	    54
25.2795	    55
25.2798	    56
25.2802	    57
25.2806	    58
25.2809	    59
25.2813	    59
25.2817	    60
25.282	    61
25.2824	    62
25.2828	    63
25.2832	    64
25.2835	    64
25.2839	    65
25.2843	    66
25.2846	    67
25.285	    67
25.2854	    68
25.2857	    69
25.2861	    70
25.2865	    70
25.2869	    71
25.2872	    72
25.2876	    72
25.288	    73
25.2883	    74
25.2887	    74
25.2891	    75
25.2894	    76
25.2898	    76
25.2902	    77
25.2906	    77
25.2909	    78
25.2913	    78
25.2917	    78
25.292	    79
25.2924	    79
25.2928	    80
25.2931	    80
25.2935	    80
25.2939	    80
25.2942	    81
25.2946	    81
25.295	    81
25.2954	    81
25.2957	    81
25.2961	    81
25.2965	    82
25.2968	    82
25.2972	    82
25.2976	    82
25.2979	    82
25.2983	    81
25.2987	    81
25.2991	    81
25.2994	    81
25.2998	    80
25.3002	    80
25.3005	    79
25.3009	    79
25.3013	    78
25.3016	    78
25.302	    77
25.3024	    77
25.3028	    76
25.3031	    76
25.3035	    75
25.3039	    74
25.3042	    73
25.3046	    73
25.305	    72
25.3053	    71
25.3057	    70
25.3061	    69
25.3065	    68
25.3068	    67
25.3072	    66
25.3076	    66
25.3079	    65
25.3083	    64
25.3087	    63
25.309	    63
25.3094	    62
25.3098	    61
25.3102	    60
25.3105	    59
25.3109	    58
25.3113	    58
25.3116	    57
25.312	    57
25.3124	    56
25.3127	    55
25.3131	    54
25.3135	    54
25.3138	    53
25.3142	    52
25.3146	    51
25.315	    51
25.3153	    50
25.3157	    49
25.3161	    49
25.3164	    48
25.3168	    47
25.3172	    47
25.3175	    46
25.3179	    45
25.3183	    45
25.3187	    44
25.319	    44
25.3194	    43
25.3198	    42
25.3201	    42
25.3205	    42
25.3209	    41
25.3212	    40
25.3216	    40
25.322	    40
25.3224	    39
25.3227	    39
25.3231	    38
25.3235	    38
25.3238	    38
25.3242	    37
25.3246	    37
25.3249	    37
25.3253	    37
25.3257	    36
25.3261	    36
25.3264	    36
25.3268	    36
25.3272	    36
25.3275	    36
25.3279	    35
25.3283	    35
25.3286	    35
25.329	    35
25.3294	    35
25.3298	    35
25.3301	    35
25.3305	    35
25.3309	    35
25.3312	    35
25.3316	    35
25.332	    35
25.3323	    35
25.3327	    35
25.3331	    35
25.3335	    35
25.3338	    35
25.3342	    35
25.3346	    35
25.3349	    35
25.3353	    35
25.3357	    35
25.336	    35
25.3364	    35
25.3368	    34
25.3371	    35
25.3375	    34
25.3379	    34
25.3383	    34
25.3386	    34
25.339	    34
25.3394	    34
25.3397	    34
25.3401	    34
25.3405	    34
25.3408	    34
25.3412	    34
25.3416	    34
25.342	    34
25.3423	    34
25.3427	    34
25.3431	    34
25.3434	    34
25.3438	    34
25.3442	    34
25.3445	    34
25.3449	    34
25.3453	    34
25.3457	    34
25.346	    34
25.3464	    34
25.3468	    34
25.3471	    34
25.3475	    34
25.3479	    34
25.3482	    33
25.3486	    33
25.349	    33
25.3494	    33
25.3497	    33
25.3501	    33
25.3505	    33
25.3508	    33
25.3512	    33
25.3516	    33
25.3519	    33
25.3523	    33
25.3527	    34
25.3531	    33
25.3534	    33
25.3538	    33
25.3542	    33
25.3545	    33
25.3549	    33
25.3553	    33
25.3556	    33
25.356	    33
25.3564	    33
25.3568	    33
25.3571	    33
25.3575	    33
25.3579	    33
25.3582	    33
25.3586	    33
25.359	    33
25.3593	    33
25.3597	    33
25.3601	    33
25.3604	    32
25.3608	    33
25.3612	    33
25.3616	    33
25.3619	    33
25.3623	    33
25.3627	    33
25.363	    33
25.3634	    33
25.3638	    33
25.3641	    33
25.3645	    33
25.3649	    32
25.3653	    32
25.3656	    32
25.366	    32
25.3664	    32
25.3667	    33
25.3671	    32
25.3675	    33
25.3678	    32
25.3682	    33
25.3686	    32
25.369	    32
25.3693	    32
25.3697	    32
25.3701	    32
25.3704	    32
25.3708	    32
25.3712	    32
25.3715	    32
25.3719	    32
25.3723	    32
25.3727	    32
25.373	    32
25.3734	    32
25.3738	    32
25.3741	    32
25.3745	    32
25.3749	    32
25.3752	    32
25.3756	    32
25.376	    32
25.3764	    32
25.3767	    32
25.3771	    32
25.3775	    32
25.3778	    32
25.3782	    32
25.3786	    32
25.3789	    32
25.3793	    32
25.3797	    32
25.3801	    32
25.3804	    32
25.3808	    32
25.3812	    32
25.3815	    32
25.3819	    32
25.3823	    32
25.3826	    32
25.383	    32
25.3834	    32
25.3837	    32
25.3841	    32
25.3845	    32
25.3849	    32
25.3852	    32
25.3856	    32
25.386	    32
25.3863	    32
25.3867	    32
25.3871	    32
25.3874	    32
25.3878	    32
25.3882	    33
25.3886	    32
25.3889	    33
25.3893	    32
25.3897	    33
 25.39	    32
25.3904	    33
25.3908	    33
25.3911	    33
25.3915	    33
25.3919	    33
25.3923	    33
25.3926	    33
25.393	    33
25.3934	    33
25.3937	    33
25.3941	    33
25.3945	    33
25.3948	    33
25.3952	    33
25.3956	    34
25.396	    34
25.3963	    34
25.3967	    34
25.3971	    34
25.3974	    34
25.3978	    34
25.3982	    34
25.3985	    34
25.3989	    34
25.3993	    34
25.3997	    34
  25.4	    35
25.4004	    35
25.4008	    35
25.4011	    35
25.4015	    35
25.4019	    36
25.4022	    36
25.4026	    36
25.403	    36
25.4034	    36
25.4037	    36
25.4041	    36
25.4045	    36
25.4048	    36
25.4052	    36
25.4056	    36
25.4059	    37
25.4063	    37
25.4067	    37
25.407	    37
25.4074	    37
25.4078	    37
25.4082	    37
25.4085	    37
25.4089	    38
25.4093	    38
25.4096	    38
 25.41	    38
25.4104	    38
25.4107	    38
25.4111	    38
25.4115	    38
25.4119	    39
25.4122	    38
25.4126	    39
25.413	    39
25.4133	    39
25.4137	    39
25.4141	    39
25.4144	    39
25.4148	    39
25.4152	    39
25.4156	    39
25.4159	    39
25.4163	    39
25.4167	    39
25.417	    39
25.4174	    39
25.4178	    39
25.4181	    39
25.4185	    40
25.4189	    39
25.4193	    40
25.4196	    39
 25.42	    40
25.4204	    39
25.4207	    39
25.4211	    39
25.4215	    39
25.4218	    39
25.4222	    39
25.4226	    39
25.423	    39
25.4233	    39
25.4237	    39
25.4241	    39
25.4244	    39
25.4248	    39
25.4252	    39
25.4255	    38
25.4259	    38
25.4263	    38
25.4267	    38
25.427	    38
25.4274	    38
25.4278	    38
25.4281	    38
25.4285	    38
25.4289	    38
25.4292	    38
25.4296	    38
 25.43	    38
25.4303	    38
25.4307	    38
25.4311	    38
25.4315	    37
25.4318	    37
25.4322	    37
25.4326	    37
25.4329	    37
25.4333	    37
25.4337	    36
25.434	    36
25.4344	    36
25.4348	    36
25.4352	    36
25.4355	    36
25.4359	    36
25.4363	    36
25.4366	    36
25.437	    36
25.4374	    36
25.4377	    36
25.4381	    36
25.4385	    36
25.4389	    36
25.4392	    36
25.4396	    36
 25.44	    36
25.4403	    36
25.4407	    36
25.4411	    36
25.4414	    36
25.4418	    36
25.4422	    36
25.4426	    36
25.4429	    36
25.4433	    36
25.4437	    36
25.444	    36
25.4444	    36
25.4448	    36
25.4451	    36
25.4455	    36
25.4459	    36
25.4463	    36
25.4466	    36
25.447	    36
25.4474	    36
25.4477	    36
25.4481	    36
25.4485	    36
25.4488	    36
25.4492	    36
25.4496	    36
 25.45	    36
25.4503	    36
25.4507	    36
25.4511	    36
25.4514	    36
25.4518	    36
25.4522	    36
25.4525	    36
25.4529	    36
25.4533	    36
25.4536	    36
25.454	    36
25.4544	    36
25.4548	    36
25.4551	    36
25.4555	    36
25.4559	    36
25.4562	    36
25.4566	    36
25.457	    36
25.4573	    36
25.4577	    36
25.4581	    35
25.4585	    36
25.4588	    35
25.4592	    36
25.4596	    36
25.4599	    36
25.4603	    35
25.4607	    36
25.461	    36
25.4614	    36
25.4618	    36
25.4622	    36
25.4625	    36
25.4629	    36
25.4633	    36
25.4636	    36
25.464	    36
25.4644	    36
25.4647	    36
25.4651	    36
25.4655	    36
25.4659	    36
25.4662	    36
25.4666	    36
25.467	    35
25.4673	    35
25.4677	    35
25.4681	    35
25.4684	    35
25.4688	    35
25.4692	    35
25.4696	    35
25.4699	    35
25.4703	    35
25.4707	    35
25.471	    35
25.4714	    35
25.4718	    35
25.4721	    35
25.4725	    35
25.4729	    35
25.4733	    35
25.4736	    35
25.474	    35
25.4744	    35
25.4747	    35
25.4751	    34
25.4755	    34
25.4758	    34
25.4762	    34
25.4766	    34
25.4769	    34
25.4773	    34
25.4777	    34
25.4781	    34
25.4784	    34
25.4788	    34
25.4792	    34
25.4795	    34
25.4799	    34
25.4803	    34
25.4806	    34
25.481	    34
25.4814	    34
25.4818	    33
25.4821	    33
25.4825	    33
25.4829	    33
25.4832	    33
25.4836	    33
25.484	    33
25.4843	    33
25.4847	    33
25.4851	    33
25.4855	    33
25.4858	    33
25.4862	    32
25.4866	    32
25.4869	    32
25.4873	    32
25.4877	    32
25.488	    32
25.4884	    32
25.4888	    32
25.4892	    32
25.4895	    32
25.4899	    32
25.4903	    32
25.4906	    32
25.491	    32
25.4914	    32
25.4917	    32
25.4921	    32
25.4925	    32
25.4929	    31
25.4932	    31
25.4936	    31
25.494	    31
25.4943	    31
25.4947	    31
25.4951	    31
25.4954	    31
25.4958	    31
25.4962	    31
25.4966	    31
25.4969	    31
25.4973	    30
25.4977	    30
25.498	    30
25.4984	    30
25.4988	    30
25.4991	    30
25.4995	    30
25.4999	    30
25.5002	    30
25.5006	    30
25.501	    30
25.5014	    30
25.5017	    30
25.5021	    30
25.5025	    30
25.5028	    30
25.5032	    30
25.5036	    29
25.5039	    29
25.5043	    29
25.5047	    29
25.5051	    29
25.5054	    29
25.5058	    29
25.5062	    29
25.5065	    29
25.5069	    29
25.5073	    29
25.5076	    28
25.508	    28
25.5084	    28
25.5088	    28
25.5091	    28
25.5095	    28
25.5099	    28
25.5102	    28
25.5106	    28
25.511	    28
25.5113	    28
25.5117	    28
25.5121	    28
25.5125	    28
25.5128	    28
25.5132	    28
25.5136	    28
25.5139	    28
25.5143	    28
25.5147	    28
25.515	    28
25.5154	    28
25.5158	    28
25.5162	    28
25.5165	    28
25.5169	    28
25.5173	    28
25.5176	    28
25.518	    27
25.5184	    27
25.5187	    27
25.5191	    27
25.5195	    27
25.5199	    27
25.5202	    27
25.5206	    27
25.521	    27
25.5213	    27
25.5217	    27
25.5221	    27
25.5224	    27
25.5228	    27
25.5232	    27
25.5235	    27
25.5239	    27
25.5243	    27
25.5247	    27
25.525	    27
25.5254	    27
25.5258	    27
25.5261	    27
25.5265	    27
25.5269	    26
25.5272	    26
25.5276	    26
25.528	    26
25.5284	    26
25.5287	    26
25.5291	    26
25.5295	    26
25.5298	    27
25.5302	    27
25.5306	    27
25.5309	    27
25.5313	    27
25.5317	    27
25.5321	    27
25.5324	    27
25.5328	    26
25.5332	    26
25.5335	    26
25.5339	    26
25.5343	    26
25.5346	    26
25.535	    26
25.5354	    26
25.5358	    26
25.5361	    26
25.5365	    26
25.5369	    26
25.5372	    26
25.5376	    26
25.538	    26
25.5383	    26
25.5387	    26
25.5391	    26
25.5395	    26
25.5398	    26
25.5402	    26
25.5406	    26
25.5409	    26
25.5413	    26
25.5417	    26
25.542	    26
25.5424	    26
25.5428	    26
25.5432	    26
25.5435	    26
25.5439	    26
25.5443	    26
25.5446	    26
25.545	    26
25.5454	    26
25.5457	    26
25.5461	    26
25.5465	    26
25.5468	    26
25.5472	    26
25.5476	    26
25.548	    26
25.5483	    26
25.5487	    26
25.5491	    26
25.5494	    26
25.5498	    26
25.5502	    26
25.5505	    26
25.5509	    26
25.5513	    26
25.5517	    26
25.552	    26
25.5524	    26
25.5528	    26
25.5531	    26
25.5535	    26
25.5539	    26
25.5542	    26
25.5546	    26
25.555	    26
25.5554	    26
25.5557	    26
25.5561	    26
25.5565	    25
25.5568	    26
25.5572	    25
25.5576	    25
25.5579	    25
25.5583	    25
25.5587	    25
25.5591	    25
25.5594	    25
25.5598	    25
25.5602	    25
25.5605	    25
25.5609	    25
25.5613	    25
25.5616	    25
25.562	    25
25.5624	    25
25.5628	    25
25.5631	    25
25.5635	    25
25.5639	    25
25.5642	    25
25.5646	    25
25.565	    25
25.5653	    25
25.5657	    25
25.5661	    25
25.5664	    25
25.5668	    25
25.5672	    25
25.5676	    25
25.5679	    25
25.5683	    25
25.5687	    25
25.569	    25
25.5694	    25
25.5698	    24
25.5701	    24
25.5705	    24
25.5709	    24
25.5713	    24
25.5716	    24
25.572	    24
25.5724	    24
25.5727	    24
25.5731	    24
25.5735	    24
25.5738	    24
25.5742	    24
25.5746	    24
25.575	    24
25.5753	    24
25.5757	    24
25.5761	    24
25.5764	    24
25.5768	    24
25.5772	    24
25.5775	    24
25.5779	    24
25.5783	    24
25.5787	    24
25.579	    24
25.5794	    24
25.5798	    24
25.5801	    24
25.5805	    24
25.5809	    24
25.5812	    24
25.5816	    23
25.582	    23
25.5824	    23
25.5827	    23
25.5831	    23
25.5835	    23
25.5838	    23
25.5842	    23
25.5846	    23
25.5849	    23
25.5853	    23
25.5857	    23
25.5861	    23
25.5864	    23
25.5868	    23
25.5872	    23
25.5875	    23
25.5879	    23
25.5883	    23
25.5886	    23
25.589	    22
25.5894	    23
25.5897	    22
25.5901	    22
25.5905	    22
25.5909	    22
25.5912	    22
25.5916	    22
25.592	    22
25.5923	    22
25.5927	    22
25.5931	    22
25.5934	    22
25.5938	    22
25.5942	    22
25.5946	    22
25.5949	    22
25.5953	    22
25.5957	    22
25.596	    22
25.5964	    22
25.5968	    22
25.5971	    22
25.5975	    22
25.5979	    22
25.5983	    22
25.5986	    22
25.599	    22
25.5994	    22
25.5997	    22
25.6001	    22
25.6005	    22
25.6008	    21
25.6012	    21
25.6016	    21
25.602	    21
25.6023	    21
25.6027	    21
25.6031	    21
25.6034	    21
25.6038	    21
25.6042	    21
25.6045	    21
25.6049	    21
25.6053	    21
25.6057	    21
25.606	    21
25.6064	    21
25.6068	    21
25.6071	    21
25.6075	    21
25.6079	    21
25.6082	    21
25.6086	    20
25.609	    20
25.6094	    20
25.6097	    20
25.6101	    20
25.6105	    20
25.6108	    20
25.6112	    20
25.6116	    20
25.6119	    20
25.6123	    20
25.6127	    20
25.613	    20
25.6134	    20
25.6138	    20
25.6142	    20
25.6145	    20
25.6149	    20
25.6153	    20
25.6156	    19
25.616	    20
25.6164	    19
25.6167	    20
25.6171	    19
25.6175	    19
25.6179	    19
25.6182	    19
25.6186	    19
25.619	    19
25.6193	    19
25.6197	    19
25.6201	    19
25.6204	    19
25.6208	    19
25.6212	    19
25.6216	    19
25.6219	    19
25.6223	    19
25.6227	    19
25.623	    19
25.6234	    19
25.6238	    19
25.6241	    19
25.6245	    19
25.6249	    19
25.6253	    18
25.6256	    18
25.626	    18
25.6264	    18
25.6267	    18
25.6271	    18
25.6275	    18
25.6278	    18
25.6282	    18
25.6286	    18
25.629	    18
25.6293	    18
25.6297	    18
25.6301	    18
25.6304	    18
25.6308	    18
25.6312	    18
25.6315	    18
25.6319	    18
25.6323	    18
25.6327	    18
25.633	    18
25.6334	    18
25.6338	    18
25.6341	    18
25.6345	    18
25.6349	    18
25.6352	    18
25.6356	    17
25.636	    17
25.6363	    17
25.6367	    17
25.6371	    17
25.6375	    17
25.6378	    17
25.6382	    17
25.6386	    17
25.6389	    17
25.6393	    17
25.6397	    17
 25.64	    17
25.6404	    17
25.6408	    17
25.6412	    17
25.6415	    17
25.6419	    17
25.6423	    17
25.6426	    17
25.643	    17
25.6434	    17
25.6437	    17
25.6441	    17
25.6445	    17
25.6449	    17
25.6452	    17
25.6456	    17
25.646	    17
25.6463	    17
25.6467	    17
25.6471	    17
25.6474	    17
25.6478	    17
25.6482	    17
25.6486	    17
25.6489	    16
25.6493	    17
25.6497	    16
 25.65	    16
25.6504	    16
25.6508	    16
25.6511	    16
25.6515	    16
25.6519	    16
25.6523	    16
25.6526	    16
25.653	    16
25.6534	    16
25.6537	    16
25.6541	    16
25.6545	    16
25.6548	    16
25.6552	    16
25.6556	    16
25.656	    16
25.6563	    16
25.6567	    16
25.6571	    16
25.6574	    16
25.6578	    16
25.6582	    16
25.6585	    16
25.6589	    16
25.6593	    16
25.6596	    16
 25.66	    16
25.6604	    16
25.6608	    16
25.6611	    16
25.6615	    16
25.6619	    16
25.6622	    16
25.6626	    16
25.663	    16
25.6633	    16
25.6637	    15
25.6641	    16
25.6645	    16
25.6648	    16
25.6652	    16
25.6656	    15
25.6659	    15
25.6663	    15
25.6667	    15
25.667	    15
25.6674	    15
25.6678	    15
25.6682	    15
25.6685	    15
25.6689	    15
25.6693	    15
25.6696	    15
 25.67	    15
25.6704	    15
25.6707	    15
25.6711	    15
25.6715	    15
25.6719	    15
25.6722	    15
25.6726	    15
25.673	    15
25.6733	    15
25.6737	    15
25.6741	    15
25.6744	    15
25.6748	    15
25.6752	    15
25.6756	    15
25.6759	    15
25.6763	    15
25.6767	    15
25.677	    15
25.6774	    15
25.6778	    15
25.6781	    15
25.6785	    15
25.6789	    15
25.6793	    15
25.6796	    15
 25.68	    15
25.6804	    15
25.6807	    15
25.6811	    15
25.6815	    15
25.6818	    15
25.6822	    14
25.6826	    14
25.6829	    14
25.6833	    14
25.6837	    14
25.6841	    14
25.6844	    14
25.6848	    14
25.6852	    14
25.6855	    14
25.6859	    14
25.6863	    14
25.6866	    14
25.687	    14
25.6874	    14
25.6878	    14
25.6881	    14
25.6885	    14
25.6889	    14
25.6892	    14
25.6896	    14
 25.69	    14
25.6903	    14
25.6907	    14
25.6911	    14
25.6915	    14
25.6918	    14
25.6922	    14
25.6926	    14
25.6929	    14
25.6933	    14
25.6937	    14
25.694	    14
25.6944	    14
25.6948	    14
25.6952	    14
25.6955	    14
25.6959	    14
25.6963	    14
25.6966	    14
25.697	    14
25.6974	    14
25.6977	    14
25.6981	    14
25.6985	    14
25.6989	    14
25.6992	    14
25.6996	    14
  25.7	    14
25.7003	    14
25.7007	    14
25.7011	    14
25.7014	    14
25.7018	    14
25.7022	    14
25.7026	    14
25.7029	    14
25.7033	    14
25.7037	    13
25.704	    14
25.7044	    13
25.7048	    13
25.7051	    13
25.7055	    13
25.7059	    13
25.7062	    13
25.7066	    13
25.707	    13
25.7074	    13
25.7077	    13
25.7081	    13
25.7085	    13
25.7088	    13
25.7092	    13
25.7096	    13
25.7099	    13
25.7103	    13
25.7107	    13
25.7111	    13
25.7114	    13
25.7118	    13
25.7122	    13
25.7125	    13
25.7129	    13
25.7133	    13
25.7136	    13
25.714	    13
25.7144	    13
25.7148	    13
25.7151	    13
25.7155	    13
25.7159	    13
25.7162	    13
25.7166	    13
25.717	    13
25.7173	    13
25.7177	    13
25.7181	    13
25.7185	    13
25.7188	    13
25.7192	    13
25.7196	    13
25.7199	    13
25.7203	    13
25.7207	    13
25.721	    13
25.7214	    13
25.7218	    13
25.7222	    13
25.7225	    13
25.7229	    13
25.7233	    13
25.7236	    13
25.724	    13
25.7244	    13
25.7247	    13
25.7251	    13
25.7255	    13
25.7259	    13
25.7262	    13
25.7266	    13
25.727	    13
25.7273	    13
25.7277	    13
25.7281	    13
25.7284	    13
25.7288	    13
25.7292	    13
25.7295	    13
25.7299	    13
25.7303	    13
25.7307	    13
25.731	    13
25.7314	    13
25.7318	    13
25.7321	    13
25.7325	    13
25.7329	    13
25.7332	    13
25.7336	    13
25.734	    12
25.7344	    12
25.7347	    12
25.7351	    12
25.7355	    12
25.7358	    12
25.7362	    12
25.7366	    12
25.7369	    12
25.7373	    13
25.7377	    13
25.7381	    13
25.7384	    13
25.7388	    13
25.7392	    13
25.7395	    12
25.7399	    12
25.7403	    12
25.7406	    12
25.741	    12
25.7414	    12
25.7418	    12
25.7421	    12
25.7425	    12
25.7429	    12
25.7432	    12
25.7436	    12
25.744	    12
25.7443	    12
25.7447	    12
25.7451	    12
25.7455	    12
25.7458	    12
25.7462	    12
25.7466	    12
25.7469	    12
25.7473	    12
25.7477	    12
25.748	    12
25.7484	    12
25.7488	    12
25.7492	    12
25.7495	    12
25.7499	    12
25.7503	    12
25.7506	    12
25.751	    12
25.7514	    12
25.7517	    12
25.7521	    12
25.7525	    12
25.7528	    12
25.7532	    12
25.7536	    12
25.754	    12
25.7543	    12
25.7547	    12
25.7551	    12
25.7554	    12
25.7558	    12
25.7562	    12
25.7565	    12
25.7569	    12
25.7573	    12
25.7577	    12
25.758	    12
25.7584	    12
25.7588	    12
25.7591	    12
25.7595	    12
25.7599	    12
25.7602	    12
25.7606	    12
25.761	    12
25.7614	    12
25.7617	    12
25.7621	    12
25.7625	    12
25.7628	    12
25.7632	    12
25.7636	    12
25.7639	    11
25.7643	    11
25.7647	    11
25.7651	    11
25.7654	    11
25.7658	    11
25.7662	    11
25.7665	    11
25.7669	    11
25.7673	    11
25.7676	    11
25.768	    11
25.7684	    11
25.7688	    11
25.7691	    11
25.7695	    11
25.7699	    11
25.7702	    11
25.7706	    11
25.771	    11
25.7713	    11
25.7717	    11
25.7721	    11
25.7725	    11
25.7728	    11
25.7732	    11
25.7736	    11
25.7739	    11
25.7743	    11
25.7747	    11
25.775	    11
25.7754	    11
25.7758	    11
25.7761	    11
25.7765	    11
25.7769	    11
25.7773	    11
25.7776	    11
25.778	    11
25.7784	    11
25.7787	    11
25.7791	    11
25.7795	    11
25.7798	    11
25.7802	    11
25.7806	    11
25.781	    11
25.7813	    11
25.7817	    11
25.7821	    11
25.7824	    11
25.7828	    11
25.7832	    11
25.7835	    11
25.7839	    11
25.7843	    11
25.7847	    11
25.785	    11
25.7854	    11
25.7858	    11
25.7861	    11
25.7865	    11
25.7869	    11
25.7872	    11
25.7876	    11
25.788	    11
25.7884	    11
25.7887	    11
25.7891	    11
25.7895	    11
25.7898	    11
25.7902	    11
25.7906	    11
25.7909	    11
25.7913	    11
25.7917	    11
25.7921	    11
25.7924	    11
25.7928	    11
25.7932	    11
25.7935	    11
25.7939	    11
25.7943	    10
25.7946	    10
25.795	    10
25.7954	    10
25.7958	    10
25.7961	    10
25.7965	    10
25.7969	    10
25.7972	    10
25.7976	    10
25.798	    10
25.7983	    10
25.7987	    10
25.7991	    10
25.7994	    10
25.7998	    10
25.8002	    10
25.8006	    10
25.8009	    10
25.8013	    10
25.8017	    10
25.802	    10
25.8024	    10
25.8028	    10
25.8031	    10
25.8035	    10
25.8039	    10
25.8043	    10
25.8046	    10
25.805	    10
25.8054	    10
25.8057	    10
25.8061	    10
25.8065	    10
25.8068	    10
25.8072	    10
25.8076	    10
25.808	    10
25.8083	    10
25.8087	    10
25.8091	    10
25.8094	    10
25.8098	    10
25.8102	    10
25.8105	    10
25.8109	    10
25.8113	    10
25.8117	    10
25.812	    10
25.8124	    10
25.8128	    10
25.8131	    10
25.8135	    10
25.8139	    10
25.8142	    10
25.8146	    10
25.815	    10
25.8154	    10
25.8157	    10
25.8161	    10
25.8165	    10
25.8168	    10
25.8172	    10
25.8176	    10
25.8179	    10
25.8183	    10
25.8187	    10
25.819	    10
25.8194	    10
25.8198	    10
25.8202	    10
25.8205	    10
25.8209	    10
25.8213	    10
25.8216	    10
25.822	    10
25.8224	    10
25.8227	    10
25.8231	    10
25.8235	    10
25.8239	    10
25.8242	    10
25.8246	    10
25.825	    10
25.8253	    10
25.8257	    10
25.8261	    10
25.8264	    10
25.8268	    10
25.8272	    10
25.8276	    10
25.8279	    10
25.8283	    10
25.8287	    10
25.829	    10
25.8294	    10
25.8298	    10
25.8301	    10
25.8305	    10
25.8309	    10
25.8313	    10
25.8316	    10
25.832	    10
25.8324	    10
25.8327	    10
25.8331	    10
25.8335	    10
25.8338	    10
25.8342	    10
25.8346	    10
25.835	    10
25.8353	    10
25.8357	    10
25.8361	    10
25.8364	    10
25.8368	    10
25.8372	    10
25.8375	    10
25.8379	    10
25.8383	    10
25.8387	    10
25.839	    10
25.8394	    10
25.8398	    10
25.8401	    10
25.8405	    10
25.8409	    10
25.8412	    10
25.8416	    10
25.842	    10
25.8423	    10
25.8427	    10
25.8431	    10
25.8435	    10
25.8438	    10
25.8442	    10
25.8446	    10
25.8449	    10
25.8453	    10
25.8457	    10
25.846	    10
25.8464	    10
25.8468	    10
25.8472	    10
25.8475	    10
25.8479	     9
25.8483	     9
25.8486	     9
25.849	     9
25.8494	     9
25.8497	     9
25.8501	     9
25.8505	     9
25.8509	    10
25.8512	     9
25.8516	    10
25.852	    10
25.8523	    10
25.8527	    10
25.8531	    10
25.8534	    10
25.8538	    10
25.8542	    10
25.8546	    10
25.8549	    10
25.8553	    10
25.8557	     9
25.856	    10
25.8564	    10
25.8568	    10
25.8571	    10
25.8575	    10
25.8579	    10
25.8583	    10
25.8586	    10
25.859	    10
25.8594	    10
25.8597	    10
25.8601	    10
25.8605	    10
25.8608	    10
25.8612	    10
25.8616	    10
25.862	    10
25.8623	    10
25.8627	    10
25.8631	    10
25.8634	     9
25.8638	     9
25.8642	     9
25.8645	     9
25.8649	     9
25.8653	     9
25.8656	     9
25.866	     9
25.8664	     9
25.8668	     9
25.8671	     9
25.8675	     9
25.8679	     9
25.8682	     9
25.8686	     9
25.869	     9
25.8693	     9
25.8697	     9
25.8701	     9
25.8705	     9
25.8708	     9
25.8712	     9
25.8716	     9
25.8719	     9
25.8723	     9
25.8727	     9
25.873	     9
25.8734	     9
25.8738	     9
25.8742	     9
25.8745	     9
25.8749	     9
25.8753	     9
25.8756	     9
25.876	     9
25.8764	     9
25.8767	     9
25.8771	     9
25.8775	     9
25.8779	     9
25.8782	     9
25.8786	     9
25.879	     9
25.8793	     9
25.8797	     9
25.8801	     9
25.8804	     9
25.8808	     9
25.8812	     9
25.8816	     9
25.8819	     9
25.8823	     9
25.8827	     9
25.883	     9
25.8834	     9
25.8838	     9
25.8841	     9
25.8845	     9
25.8849	     9
25.8853	     9
25.8856	     9
25.886	     9
25.8864	     9
25.8867	     9
25.8871	     9
25.8875	     9
25.8878	     9
25.8882	     9
25.8886	     9
25.8889	     9
25.8893	     9
25.8897	     9
25.8901	     9
25.8904	     9
25.8908	     9
25.8912	     9
25.8915	     9
25.8919	     9
25.8923	     9
25.8926	     9
25.893	     9
25.8934	     9
25.8938	     9
25.8941	     9
25.8945	     9
25.8949	     9
25.8952	     9
25.8956	     9
25.896	     9
25.8963	     9
25.8967	     9
25.8971	     9
25.8975	     9
25.8978	     9
25.8982	     9
25.8986	     9
25.8989	     9
25.8993	     9
25.8997	     9
  25.9	     9
25.9004	     9
25.9008	     9
25.9012	     9
25.9015	     9
25.9019	     9
25.9023	     9
25.9026	     9
25.903	     9
25.9034	     9
25.9037	     9
25.9041	     9
25.9045	     9
25.9049	     9
25.9052	     9
25.9056	     9
25.906	     9
25.9063	     9
25.9067	     9
25.9071	     9
25.9074	     9
25.9078	     9
25.9082	     9
25.9086	     9
25.9089	     9
25.9093	     9
25.9097	     9
 25.91	     9
25.9104	     9
25.9108	     9
25.9111	     9
25.9115	     9
25.9119	     9
25.9122	     9
25.9126	     9
25.913	     9
25.9134	     9
25.9137	     9
25.9141	     9
25.9145	     9
25.9148	     9
25.9152	     9
25.9156	     9
25.9159	     9
25.9163	     9
25.9167	     9
25.9171	     9
25.9174	     9
25.9178	     9
25.9182	     9
25.9185	     9
25.9189	     9
25.9193	     9
25.9196	     9
 25.92	     9
25.9204	     9
25.9208	     9
25.9211	     9
25.9215	     9
25.9219	     9
25.9222	     9
25.9226	     9
25.923	     9
25.9233	     9
25.9237	     9
25.9241	     9
25.9245	     9
25.9248	     9
25.9252	     9
25.9256	     9
25.9259	     9
25.9263	     9
25.9267	     9
25.927	     9
25.9274	     9
25.9278	     9
25.9282	     9
25.9285	     9
25.9289	     9
25.9293	     9
25.9296	     9
 25.93	     9
25.9304	     9
25.9307	     9
25.9311	     9
25.9315	     9
25.9319	     9
25.9322	     9
25.9326	     9
25.933	     9
25.9333	     9
25.9337	     9
25.9341	     9
25.9344	     9
25.9348	     9
25.9352	     9
25.9355	     9
25.9359	     9
25.9363	     9
25.9367	     9
25.937	     9
25.9374	     9
25.9378	     9
25.9381	     9
25.9385	     9
25.9389	     9
25.9392	     9
25.9396	     9
 25.94	     9
25.9404	     9
25.9407	     9
25.9411	     9
25.9415	     9
25.9418	     9
25.9422	     9
25.9426	     9
25.9429	     8
25.9433	     9
25.9437	     9
25.9441	     9
25.9444	     9
25.9448	     9
25.9452	     9
25.9455	     8
25.9459	     8
25.9463	     8
25.9466	     8
25.947	     8
25.9474	     8
25.9478	     8
25.9481	     8
25.9485	     8
25.9489	     8
25.9492	     8
25.9496	     9
 25.95	     9
25.9503	     9
25.9507	     9
25.9511	     9
25.9515	     8
25.9518	     8
25.9522	     8
25.9526	     8
25.9529	     8
25.9533	     8
25.9537	     8
25.954	     8
25.9544	     8
25.9548	     8
25.9552	     8
25.9555	     8
25.9559	     8
25.9563	     8
25.9566	     8
25.957	     8
25.9574	     8
25.9577	     8
25.9581	     8
25.9585	     8
25.9588	     8
25.9592	     8
25.9596	     8
 25.96	     8
25.9603	     8
25.9607	     8
25.9611	     8
25.9614	     8
25.9618	     8
25.9622	     8
25.9625	     8
25.9629	     8
25.9633	     8
25.9637	     8
25.964	     8
25.9644	     8
25.9648	     8
25.9651	     8
25.9655	     8
25.9659	     8
25.9662	     8
25.9666	     8
25.967	     8
25.9674	     8
25.9677	     8
25.9681	     8
25.9685	     8
25.9688	     8
25.9692	     8
25.9696	     8
25.9699	     8
25.9703	     8
25.9707	     8
25.9711	     8
25.9714	     8
25.9718	     8
25.9722	     8
25.9725	     8
25.9729	     8
25.9733	     8
25.9736	     8
25.974	     8
25.9744	     8
25.9748	     8
25.9751	     8
25.9755	     8
25.9759	     8
25.9762	     8
25.9766	     8
25.977	     8
25.9773	     8
25.9777	     8
25.9781	     8
25.9785	     8
25.9788	     8
25.9792	     8
25.9796	     8
25.9799	     8
25.9803	     8
25.9807	     8
25.981	     8
25.9814	     8
25.9818	     8
25.9821	     8
25.9825	     8
25.9829	     8
25.9833	     8
25.9836	     8
25.984	     8
25.9844	     8
25.9847	     8
25.9851	     8
25.9855	     8
25.9858	     8
25.9862	     8
25.9866	     8
25.987	     8
25.9873	     8
25.9877	     8
25.9881	     8
25.9884	     8
25.9888	     8
25.9892	     8
25.9895	     8
25.9899	     8
25.9903	     8
25.9907	     8
25.991	     8
25.9914	     8
25.9918	     8
25.9921	     8
25.9925	     8
25.9929	     8
25.9932	     8
25.9936	     8
25.994	     8
25.9944	     8
25.9947	     8
25.9951	     8
25.9955	     8
25.9958	     8
25.9962	     8
25.9966	     8
25.9969	     8
25.9973	     8
25.9977	     8
25.9981	     8
25.9984	     8
25.9988	     8
25.9992	     8
25.9995	     8
