  24.9	    20
24.9004	    20
24.9007	    20
24.9011	    20
24.9015	    20
24.9018	    20
24.9022	    20
24.9026	    20
24.903	    20
24.9033	    20
24.9037	    20
24.9041	    20
24.9044	    20
24.9048	    20
24.9052	    20
24.9055	    20
24.9059	    20
24.9063	    20
24.9067	    20
24.907	    20
24.9074	    20
24.9078	    20
24.9081	    20
24.9085	    20
24.9089	    20
24.9092	    20
24.9096	    20
 24.91	    20
24.9104	    20
24.9107	    20
24.9111	    20
24.9115	    20
24.9118	    21
24.9122	    21
24.9126	    21
24.9129	    21
24.9133	    21
24.9137	    21
24.9141	    21
24.9144	    21
24.9148	    21
24.9152	    21
24.9155	    21
24.9159	    21
24.9163	    21
24.9166	    21
24.917	    21
24.9174	    21
24.9178	    21
24.9181	    21
24.9185	    21
24.9189	    21
24.9192	    21
24.9196	    21
 24.92	    21
24.9203	    21
24.9207	    21
24.9211	    21
24.9215	    21
24.9218	    21
24.9222	    21
24.9226	    21
24.9229	    21
24.9233	    21
24.9237	    21
24.924	    21
24.9244	    21
24.9248	    22
24.9251	    21
24.9255	    21
24.9259	    21
24.9263	    21
24.9266	    21
24.927	    22
24.9274	    22
24.9277	    22
24.9281	    22
24.9285	    22
24.9288	    22
24.9292	    22
24.9296	    22
 24.93	    22
24.9303	    22
24.9307	    22
24.9311	    22
24.9314	    22
24.9318	    22
24.9322	    22
24.9325	    22
24.9329	    22
24.9333	    22
24.9337	    22
24.934	    22
24.9344	    22
24.9348	    22
24.9351	    22
24.9355	    22
24.9359	    22
24.9362	    22
24.9366	    22
24.937	    22
24.9374	    22
24.9377	    22
24.9381	    22
24.9385	    22
24.9388	    22
24.9392	    22
24.9396	    22
24.9399	    23
24.9403	    23
24.9407	    23
24.9411	    23
24.9414	    23
24.9418	    23
24.9422	    23
24.9425	    23
24.9429	    23
24.9433	    23
24.9436	    23
24.944	    23
24.9444	    23
24.9448	    23
24.9451	    23
24.9455	    23
24.9459	    23
24.9462	    23
24.9466	    23
24.947	    23
24.9473	    23
24.9477	    23
24.9481	    23
24.9484	    23
24.9488	    23
24.9492	    23
24.9496	    23
24.9499	    23
24.9503	    23
24.9507	    23
24.951	    23
24.9514	    23
24.9518	    23
24.9521	    23
24.9525	    23
24.9529	    23
24.9533	    23
24.9536	    23
24.954	    23
24.9544	    23
24.9547	    23
24.9551	    23
24.9555	    23
24.9558	    24
24.9562	    24
24.9566	    24
24.957	    24
24.9573	    24
24.9577	    24
24.9581	    24
24.9584	    24
24.9588	    24
24.9592	    24
24.9595	    24
24.9599	    24
24.9603	    24
24.9607	    24
24.961	    24
24.9614	    24
24.9618	    24
24.9621	    24
24.9625	    24
24.9629	    24
24.9632	    24
24.9636	    24
24.964	    25
24.9644	    25
24.9647	    25
24.9651	    25
24.9655	    25
24.9658	    25
24.9662	    25
24.9666	    25
24.9669	    25
24.9673	    25
24.9677	    25
24.9681	    25
24.9684	    25
24.9688	    25
24.9692	    25
24.9695	    25
24.9699	    25
24.9703	    25
24.9706	    25
24.971	    25
24.9714	    25
24.9717	    25
24.9721	    25
24.9725	    25
24.9729	    25
24.9732	    25
24.9736	    26
24.974	    26
24.9743	    26
24.9747	    26
24.9751	    26
24.9754	    26
24.9758	    26
24.9762	    26
24.9766	    26
24.9769	    26
24.9773	    26
24.9777	    26
24.978	    26
24.9784	    26
24.9788	    26
24.9791	    26
24.9795	    26
24.9799	    26
24.9803	    26
24.9806	    26
24.981	    27
24.9814	    27
24.9817	    27
24.9821	    26
24.9825	    27
24.9828	    26
24.9832	    27
24.9836	    27
24.984	    27
24.9843	    27
24.9847	    27
24.9851	    27
24.9854	    27
24.9858	    27
24.9862	    27
24.9865	    27
24.9869	    27
24.9873	    27
24.9877	    27
24.988	    27
24.9884	    27
24.9888	    27
24.9891	    27
24.9895	    27
24.9899	    27
24.9902	    27
24.9906	    27
24.991	    27
24.9914	    27
24.9917	    27
24.9921	    27
24.9925	    27
24.9928	    27
24.9932	    27
24.9936	    28
24.9939	    27
24.9943	    28
24.9947	    27
24.995	    28
24.9954	    27
24.9958	    28
24.9962	    28
24.9965	    28
24.9969	    28
24.9973	    28
24.9976	    28
24.998	    28
24.9984	    28
24.9987	    28
24.9991	    28
24.9995	    28
24.9999	    28
25.0002	    28
25.0006	    28
25.001	    28
25.0013	    28
25.0017	    28
25.0021	    28
25.0024	    28
25.0028	    28
25.0032	    28
25.0036	    28
25.0039	    28
25.0043	    28
25.0047	    28
25.005	    28
25.0054	    28
25.0058	    28
25.0061	    28
25.0065	    28
25.0069	    28
25.0073	    28
25.0076	    28
25.008	    28
25.0084	    28
25.0087	    28
25.0091	    28
25.0095	    28
25.0098	    28
25.0102	    28
25.0106	    29
25.011	    28
25.0113	    29
25.0117	    28
25.0121	    28
25.0124	    28
25.0128	    28
25.0132	    28
25.0135	    28
25.0139	    28
25.0143	    28
25.0147	    28
25.015	    28
25.0154	    28
25.0158	    28
25.0161	    28
25.0165	    29
25.0169	    29
25.0172	    29
25.0176	    29
25.018	    29
25.0183	    29
25.0187	    29
25.0191	    29
25.0195	    29
25.0198	    29
25.0202	    29
25.0206	    29
25.0209	    29
25.0213	    29
25.0217	    29
25.022	    29
25.0224	    29
25.0228	    29
25.0232	    29
25.0235	    29
25.0239	    29
25.0243	    29
25.0246	    29
25.025	    29
25.0254	    29
25.0257	    29
25.0261	    29
25.0265	    29
25.0269	    29
25.0272	    29
25.0276	    29
25.028	    29
25.0283	    29
25.0287	    29
25.0291	    29
25.0294	    29
25.0298	    29
25.0302	    29
25.0306	    29
25.0309	    29
25.0313	    29
25.0317	    29
25.032	    29
25.0324	    29
25.0328	    30
25.0331	    30
25.0335	    30
25.0339	    30
25.0343	    30
25.0346	    30
25.035	    30
25.0354	    30
25.0357	    30
25.0361	    30
25.0365	    30
25.0368	    30
25.0372	    30
25.0376	    30
25.0379	    30
25.0383	    30
25.0387	    30
25.0391	    30
25.0394	    30
25.0398	    30
25.0402	    30
25.0405	    30
25.0409	    30
25.0413	    30
25.0416	    30
25.042	    30
25.0424	    30
25.0428	    30
25.0431	    30
25.0435	    30
25.0439	    30
25.0442	    30
25.0446	    30
25.045	    30
25.0453	    30
25.0457	    30
25.0461	    30
25.0465	    30
25.0468	    30
25.0472	    30
25.0476	    30
25.0479	    30
25.0483	    30
25.0487	    30
25.049	    30
25.0494	    30
25.0498	    30
25.0502	    30
25.0505	    30
25.0509	    30
25.0513	    31
25.0516	    31
25.052	    31
25.0524	    31
25.0527	    31
25.0531	    31
25.0535	    31
25.0539	    31
25.0542	    31
25.0546	    31
25.055	    31
25.0553	    31
25.0557	    31
25.0561	    31
25.0564	    31
25.0568	    31
25.0572	    31
25.0576	    31
25.0579	    31
25.0583	    31
25.0587	    31
25.059	    31
25.0594	    32
25.0598	    31
25.0601	    32
25.0605	    32
25.0609	    32
25.0612	    32
25.0616	    32
25.062	    32
25.0624	    32
25.0627	    32
25.0631	    32
25.0635	    32
25.0638	    32
25.0642	    32
25.0646	    32
25.0649	    32
25.0653	    32
25.0657	    32
25.0661	    32
25.0664	    32
25.0668	    32
25.0672	    32
25.0675	    32
25.0679	    32
25.0683	    33
25.0686	    33
25.069	    33
25.0694	    33
25.0698	    33
25.0701	    33
25.0705	    33
25.0709	    33
25.0712	    33
25.0716	    33
25.072	    33
25.0723	    33
25.0727	    33
25.0731	    33
25.0735	    33
25.0738	    33
25.0742	    33
25.0746	    33
25.0749	    33
25.0753	    33
25.0757	    34
25.076	    33
25.0764	    34
25.0768	    34
25.0772	    34
25.0775	    34
25.0779	    34
25.0783	    34
25.0786	    34
25.079	    34
25.0794	    34
25.0797	    34
25.0801	    34
25.0805	    34
25.0809	    34
25.0812	    34
25.0816	    35
25.082	    34
25.0823	    35
25.0827	    34
25.0831	    35
25.0834	    35
25.0838	    35
25.0842	    35
25.0845	    35
25.0849	    35
25.0853	    35
25.0857	    35
25.086	    35
25.0864	    35
25.0868	    35
25.0871	    35
25.0875	    36
25.0879	    36
25.0882	    36
25.0886	    36
25.089	    36
25.0894	    36
25.0897	    36
25.0901	    36
25.0905	    36
25.0908	    36
25.0912	    36
25.0916	    36
25.0919	    37
25.0923	    37
25.0927	    37
25.0931	    37
25.0934	    37
25.0938	    37
25.0942	    37
25.0945	    37
25.0949	    37
25.0953	    37
25.0956	    37
25.096	    37
25.0964	    37
25.0968	    37
25.0971	    37
25.0975	    37
25.0979	    38
25.0982	    38
25.0986	    38
25.099	    38
25.0993	    38
25.0997	    38
25.1001	    38
25.1005	    38
25.1008	    38
25.1012	    38
25.1016	    38
25.1019	    38
25.1023	    39
25.1027	    39
25.103	    39
25.1034	    39
25.1038	    39
25.1042	    39
25.1045	    39
25.1049	    39
25.1053	    40
25.1056	    40
25.106	    40
25.1064	    40
25.1067	    40
25.1071	    40
25.1075	    40
25.1078	    40
25.1082	    40
25.1086	    40
25.109	    40
25.1093	    40
25.1097	    41
25.1101	    41
25.1104	    41
25.1108	    41
25.1112	    41
25.1115	    41
25.1119	    41
25.1123	    41
25.1127	    42
25.113	    42
25.1134	    42
25.1138	    42
25.1141	    42
25.1145	    42
25.1149	    42
25.1152	    42
25.1156	    42
25.116	    42
25.1164	    42
25.1167	    42
25.1171	    42
25.1175	    42
25.1178	    42
25.1182	    42
25.1186	    43
25.1189	    42
25.1193	    43
25.1197	    43
25.1201	    43
25.1204	    43
25.1208	    43
25.1212	    43
25.1215	    43
25.1219	    43
25.1223	    43
25.1226	    43
25.123	    43
25.1234	    43
25.1238	    44
25.1241	    43
25.1245	    44
25.1249	    44
25.1252	    44
25.1256	    44
25.126	    44
25.1263	    44
25.1267	    44
25.1271	    44
25.1275	    44
25.1278	    44
25.1282	    44
25.1286	    44
25.1289	    45
25.1293	    45
25.1297	    45
 25.13	    45
25.1304	    45
25.1308	    45
25.1311	    45
25.1315	    45
25.1319	    45
25.1323	    45
25.1326	    45
25.133	    45
25.1334	    45
25.1337	    45
25.1341	    45
25.1345	    45
25.1348	    45
25.1352	    45
25.1356	    45
25.136	    45
25.1363	    46
25.1367	    45
25.1371	    46
25.1374	    46
25.1378	    46
25.1382	    46
25.1385	    46
25.1389	    46
25.1393	    46
25.1397	    46
 25.14	    46
25.1404	    46
25.1408	    47
25.1411	    46
25.1415	    47
25.1419	    47
25.1422	    47
25.1426	    47
25.143	    47
25.1434	    47
25.1437	    47
25.1441	    47
25.1445	    47
25.1448	    47
25.1452	    47
25.1456	    47
25.1459	    47
25.1463	    47
25.1467	    47
25.1471	    47
25.1474	    48
25.1478	    47
25.1482	    48
25.1485	    48
25.1489	    48
25.1493	    48
25.1496	    48
 25.15	    48
25.1504	    48
25.1508	    48
25.1511	    48
25.1515	    48
25.1519	    48
25.1522	    48
25.1526	    48
25.153	    48
25.1533	    48
25.1537	    48
25.1541	    48
25.1544	    48
25.1548	    48
25.1552	    48
25.1556	    48
25.1559	    48
25.1563	    48
25.1567	    48
25.157	    49
25.1574	    49
25.1578	    49
25.1581	    49
25.1585	    49
25.1589	    49
25.1593	    49
25.1596	    49
 25.16	    49
25.1604	    49
25.1607	    49
25.1611	    49
25.1615	    49
25.1618	    49
25.1622	    49
25.1626	    49
25.163	    49
25.1633	    49
25.1637	    49
25.1641	    49
25.1644	    49
25.1648	    49
25.1652	    49
25.1655	    49
25.1659	    49
25.1663	    49
25.1667	    49
25.167	    49
25.1674	    49
25.1678	    49
25.1681	    50
25.1685	    50
25.1689	    50
25.1692	    50
25.1696	    50
 25.17	    50
25.1704	    50
25.1707	    50
25.1711	    50
25.1715	    50
25.1718	    51
25.1722	    50
25.1726	    51
25.1729	    50
25.1733	    51
25.1737	    50
25.1741	    51
25.1744	    50
25.1748	    51
25.1752	    51
25.1755	    51
25.1759	    51
25.1763	    51
25.1766	    51
25.177	    51
25.1774	    51
25.1777	    51
25.1781	    51
25.1785	    51
25.1789	    51
25.1792	    51
25.1796	    51
 25.18	    52
25.1803	    52
25.1807	    52
25.1811	    52
25.1814	    52
25.1818	    52
25.1822	    52
25.1826	    52
25.1829	    52
25.1833	    52
25.1837	    53
25.184	    53
25.1844	    53
25.1848	    53
25.1851	    53
25.1855	    53
25.1859	    54
25.1863	    53
25.1866	    54
25.187	    54
25.1874	    54
25.1877	    54
25.1881	    54
25.1885	    54
25.1888	    54
25.1892	    54
25.1896	    54
 25.19	    54
25.1903	    54
25.1907	    54
25.1911	    55
25.1914	    55
25.1918	    55
25.1922	    55
25.1925	    55
25.1929	    55
25.1933	    56
25.1937	    56
25.194	    56
25.1944	    56
25.1948	    57
25.1951	    56
25.1955	    57
25.1959	    57
25.1962	    57
25.1966	    57
25.197	    57
25.1974	    57
25.1977	    57
25.1981	    57
25.1985	    57
25.1988	    57
25.1992	    58
25.1996	    57
25.1999	    58
25.2003	    58
25.2007	    58
25.201	    58
25.2014	    59
25.2018	    59
25.2022	    59
25.2025	    59
25.2029	    60
25.2033	    59
25.2036	    60
25.204	    60
25.2044	    60
25.2047	    60
25.2051	    60
25.2055	    60
25.2059	    60
25.2062	    60
25.2066	    60
25.207	    60
25.2073	    60
25.2077	    60
25.2081	    61
25.2084	    61
25.2088	    61
25.2092	    61
25.2096	    61
25.2099	    61
25.2103	    62
25.2107	    62
25.211	    62
25.2114	    62
25.2118	    62
25.2121	    62
25.2125	    62
25.2129	    62
25.2133	    62
25.2136	    62
25.214	    62
25.2144	    62
25.2147	    62
25.2151	    62
25.2155	    63
25.2158	    62
25.2162	    63
25.2166	    63
25.217	    63
25.2173	    63
25.2177	    64
25.2181	    64
25.2184	    64
25.2188	    64
25.2192	    64
25.2195	    64
25.2199	    64
25.2203	    64
25.2207	    64
25.221	    64
25.2214	    64
25.2218	    64
25.2221	    64
25.2225	    64
25.2229	    64
25.2232	    64
25.2236	    64
25.224	    64
25.2243	    64
25.2247	    64
25.2251	    65
25.2255	    65
25.2258	    65
25.2262	    65
25.2266	    65
25.2269	    65
25.2273	    65
25.2277	    65
25.228	    65
25.2284	    65
25.2288	    65
25.2292	    65
25.2295	    65
25.2299	    65
25.2303	    66
25.2306	    65
25.231	    66
25.2314	    66
25.2317	    66
25.2321	    66
25.2325	    66
25.2329	    66
25.2332	    66
25.2336	    66
25.234	    66
25.2343	    66
25.2347	    66
25.2351	    66
25.2354	    66
25.2358	    66
25.2362	    66
25.2366	    66
25.2369	    67
25.2373	    66
25.2377	    66
25.238	    66
25.2384	    66
25.2388	    66
25.2391	    66
25.2395	    66
25.2399	    67
25.2403	    67
25.2406	    67
25.241	    67
25.2414	    67
25.2417	    67
25.2421	    68
25.2425	    67
25.2428	    68
25.2432	    67
25.2436	    68
25.244	    67
25.2443	    68
25.2447	    67
25.2451	    68
25.2454	    68
25.2458	    68
25.2462	    68
25.2465	    68
25.2469	    68
25.2473	    68
25.2476	    68
25.248	    68
25.2484	    68
25.2488	    68
25.2491	    68
25.2495	    68
25.2499	    68
25.2502	    68
25.2506	    68
25.251	    68
25.2513	    68
25.2517	    68
25.2521	    68
25.2525	    69
25.2528	    69
25.2532	    69
25.2536	    69
25.2539	    69
25.2543	    69
25.2547	    69
25.255	    69
25.2554	    70
25.2558	    69
25.2562	    70
25.2565	    70
25.2569	    70
25.2573	    70
25.2576	    70
25.258	    70
25.2584	    70
25.2587	    70
25.2591	    70
25.2595	    70
25.2599	    70
25.2602	    70
25.2606	    71
25.261	    70
25.2613	    71
25.2617	    71
25.2621	    71
25.2624	    71
25.2628	    72
25.2632	    71
25.2636	    72
25.2639	    71
25.2643	    72
25.2647	    72
25.265	    72
25.2654	    72
25.2658	    72
25.2661	    72
25.2665	    73
25.2669	    73
25.2673	    73
25.2676	    73
25.268	    74
25.2684	    74
25.2687	    74
25.2691	    74
25.2695	    74
25.2698	    74
25.2702	    75
25.2706	    75
25.2709	    75
25.2713	    75
25.2717	    76
25.2721	    76
25.2724	    77
25.2728	    77
25.2732	    78
25.2735	    78
25.2739	    79
25.2743	    79
25.2746	    80
25.275	    80
25.2754	    81
25.2758	    82
25.2761	    82
25.2765	    83
25.2769	    84
25.2772	    84
25.2776	    85
25.278	    85
25.2783	    86
25.2787	    86
25.2791	    87
25.2795	    88
25.2798	    89
25.2802	    89
25.2806	    91
25.2809	    91
25.2813	    92
25.2817	    93
25.282	    94
25.2824	    94
25.2828	    95
25.2832	    96
25.2835	    97
25.2839	    97
25.2843	    98
25.2846	    99
25.285	   100
25.2854	   101
25.2857	   102
25.2861	   102
25.2865	   104
25.2869	   104
25.2872	   106
25.2876	   106
25.288	   107
25.2883	   107
25.2887	   109
25.2891	   109
25.2894	   110
25.2898	   111
25.2902	   112
25.2906	   112
25.2909	   113
25.2913	   114
25.2917	   115
25.292	   115
25.2924	   116
25.2928	   116
25.2931	   117
25.2935	   117
25.2939	   118
25.2942	   118
25.2946	   119
25.295	   119
25.2954	   120
25.2957	   120
25.2961	   121
25.2965	   121
25.2968	   122
25.2972	   121
25.2976	   122
25.2979	   122
25.2983	   122
25.2987	   122
25.2991	   123
25.2994	   122
25.2998	   122
25.3002	   122
25.3005	   122
25.3009	   121
25.3013	   122
25.3016	   121
25.302	   121
25.3024	   121
25.3028	   121
25.3031	   120
25.3035	   120
25.3039	   119
25.3042	   119
25.3046	   118
25.305	   118
25.3053	   116
25.3057	   116
25.3061	   115
25.3065	   115
25.3068	   114
25.3072	   114
25.3076	   112
25.3079	   112
25.3083	   111
25.3087	   110
25.309	   109
25.3094	   108
25.3098	   107
25.3102	   107
25.3105	   105
25.3109	   105
25.3113	   104
25.3116	   103
25.312	   102
25.3124	   102
25.3127	   100
25.3131	   100
25.3135	    99
25.3138	    98
25.3142	    97
25.3146	    97
25.315	    96
25.3153	    95
25.3157	    94
25.3161	    93
25.3164	    92
25.3168	    91
25.3172	    90
25.3175	    90
25.3179	    88
25.3183	    88
25.3187	    87
25.319	    87
25.3194	    86
25.3198	    85
25.3201	    84
25.3205	    84
25.3209	    83
25.3212	    83
25.3216	    82
25.322	    82
25.3224	    81
25.3227	    81
25.3231	    80
25.3235	    79
25.3238	    79
25.3242	    78
25.3246	    77
25.3249	    77
25.3253	    76
25.3257	    76
25.3261	    75
25.3264	    75
25.3268	    74
25.3272	    74
25.3275	    74
25.3279	    74
25.3283	    73
25.3286	    73
25.329	    73
25.3294	    73
25.3298	    72
25.3301	    72
25.3305	    72
25.3309	    72
25.3312	    71
25.3316	    71
25.332	    71
25.3323	    71
25.3327	    71
25.3331	    71
25.3335	    70
25.3338	    71
25.3342	    70
25.3346	    70
25.3349	    70
25.3353	    70
25.3357	    70
25.336	    70
25.3364	    70
25.3368	    70
25.3371	    70
25.3375	    70
25.3379	    70
25.3383	    70
25.3386	    70
25.339	    70
25.3394	    70
25.3397	    70
25.3401	    69
25.3405	    69
25.3408	    69
25.3412	    69
25.3416	    69
25.342	    69
25.3423	    69
25.3427	    69
25.3431	    68
25.3434	    69
25.3438	    68
25.3442	    68
25.3445	    68
25.3449	    68
25.3453	    68
25.3457	    68
25.346	    68
25.3464	    68
25.3468	    67
25.3471	    68
25.3475	    67
25.3479	    67
25.3482	    67
25.3486	    67
25.349	    67
25.3494	    67
25.3497	    67
25.3501	    67
25.3505	    66
25.3508	    67
25.3512	    66
25.3516	    66
25.3519	    66
25.3523	    66
25.3527	    65
25.3531	    66
25.3534	    65
25.3538	    65
25.3542	    65
25.3545	    65
25.3549	    65
25.3553	    65
25.3556	    65
25.356	    65
25.3564	    65
25.3568	    65
25.3571	    65
25.3575	    65
25.3579	    64
25.3582	    64
25.3586	    64
25.359	    64
25.3593	    64
25.3597	    64
25.3601	    64
25.3604	    64
25.3608	    63
25.3612	    64
25.3616	    63
25.3619	    63
25.3623	    63
25.3627	    63
25.363	    63
25.3634	    63
25.3638	    63
25.3641	    63
25.3645	    63
25.3649	    63
25.3653	    63
25.3656	    63
25.366	    62
25.3664	    62
25.3667	    62
25.3671	    62
25.3675	    62
25.3678	    62
25.3682	    62
25.3686	    62
25.369	    62
25.3693	    62
25.3697	    61
25.3701	    62
25.3704	    61
25.3708	    61
25.3712	    61
25.3715	    61
25.3719	    61
25.3723	    61
25.3727	    61
25.373	    61
25.3734	    61
25.3738	    61
25.3741	    61
25.3745	    61
25.3749	    61
25.3752	    61
25.3756	    60
25.376	    61
25.3764	    60
25.3767	    60
25.3771	    60
25.3775	    60
25.3778	    60
25.3782	    60
25.3786	    60
25.3789	    60
25.3793	    60
25.3797	    60
25.3801	    60
25.3804	    60
25.3808	    60
25.3812	    60
25.3815	    60
25.3819	    60
25.3823	    59
25.3826	    60
25.383	    59
25.3834	    59
25.3837	    59
25.3841	    59
25.3845	    59
25.3849	    59
25.3852	    59
25.3856	    59
25.386	    59
25.3863	    59
25.3867	    59
25.3871	    59
25.3874	    59
25.3878	    60
25.3882	    59
25.3886	    60
25.3889	    59
25.3893	    60
25.3897	    59
 25.39	    59
25.3904	    59
25.3908	    59
25.3911	    59
25.3915	    59
25.3919	    59
25.3923	    59
25.3926	    59
25.393	    59
25.3934	    59
25.3937	    59
25.3941	    59
25.3945	    59
25.3948	    59
25.3952	    60
25.3956	    60
25.396	    60
25.3963	    60
25.3967	    60
25.3971	    60
25.3974	    60
25.3978	    60
25.3982	    60
25.3985	    60
25.3989	    60
25.3993	    60
25.3997	    60
  25.4	    60
25.4004	    61
25.4008	    61
25.4011	    61
25.4015	    61
25.4019	    61
25.4022	    61
25.4026	    61
25.403	    61
25.4034	    62
25.4037	    61
25.4041	    62
25.4045	    62
25.4048	    62
25.4052	    62
25.4056	    62
25.4059	    62
25.4063	    62
25.4067	    62
25.407	    62
25.4074	    62
25.4078	    63
25.4082	    62
25.4085	    63
25.4089	    63
25.4093	    63
25.4096	    63
 25.41	    63
25.4104	    63
25.4107	    64
25.4111	    64
25.4115	    64
25.4119	    64
25.4122	    64
25.4126	    64
25.413	    64
25.4133	    64
25.4137	    65
25.4141	    64
25.4144	    65
25.4148	    65
25.4152	    65
25.4156	    65
25.4159	    65
25.4163	    65
25.4167	    65
25.417	    65
25.4174	    65
25.4178	    65
25.4181	    66
25.4185	    65
25.4189	    66
25.4193	    66
25.4196	    66
 25.42	    66
25.4204	    66
25.4207	    66
25.4211	    66
25.4215	    66
25.4218	    66
25.4222	    66
25.4226	    66
25.423	    66
25.4233	    66
25.4237	    66
25.4241	    66
25.4244	    66
25.4248	    66
25.4252	    66
25.4255	    66
25.4259	    66
25.4263	    66
25.4267	    66
25.427	    66
25.4274	    66
25.4278	    66
25.4281	    66
25.4285	    66
25.4289	    66
25.4292	    66
25.4296	    66
 25.43	    66
25.4303	    65
25.4307	    66
25.4311	    65
25.4315	    65
25.4318	    65
25.4322	    65
25.4326	    65
25.4329	    65
25.4333	    65
25.4337	    65
25.434	    65
25.4344	    65
25.4348	    65
25.4352	    65
25.4355	    64
25.4359	    65
25.4363	    64
25.4366	    64
25.437	    64
25.4374	    64
25.4377	    64
25.4381	    64
25.4385	    63
25.4389	    63
25.4392	    63
25.4396	    63
 25.44	    63
25.4403	    63
25.4407	    63
25.4411	    63
25.4414	    63
25.4418	    64
25.4422	    63
25.4426	    64
25.4429	    63
25.4433	    64
25.4437	    63
25.444	    63
25.4444	    63
25.4448	    63
25.4451	    63
25.4455	    63
25.4459	    63
25.4463	    63
25.4466	    63
25.447	    63
25.4474	    63
25.4477	    63
25.4481	    63
25.4485	    63
25.4488	    63
25.4492	    63
25.4496	    62
 25.45	    63
25.4503	    63
25.4507	    63
25.4511	    63
25.4514	    63
25.4518	    63
25.4522	    63
25.4525	    63
25.4529	    63
25.4533	    63
25.4536	    63
25.454	    63
25.4544	    63
25.4548	    63
25.4551	    63
25.4555	    63
25.4559	    63
25.4562	    63
25.4566	    63
25.457	    63
25.4573	    63
25.4577	    63
25.4581	    63
25.4585	    63
25.4588	    63
25.4592	    63
25.4596	    63
25.4599	    63
25.4603	    63
25.4607	    63
25.461	    63
25.4614	    63
25.4618	    63
25.4622	    63
25.4625	    63
25.4629	    63
25.4633	    63
25.4636	    62
25.464	    63
25.4644	    62
25.4647	    63
25.4651	    62
25.4655	    63
25.4659	    62
25.4662	    63
25.4666	    62
25.467	    62
25.4673	    62
25.4677	    62
25.4681	    62
25.4684	    62
25.4688	    62
25.4692	    62
25.4696	    62
25.4699	    62
25.4703	    62
25.4707	    62
25.471	    61
25.4714	    62
25.4718	    61
25.4721	    61
25.4725	    61
25.4729	    61
25.4733	    61
25.4736	    61
25.474	    61
25.4744	    61
25.4747	    60
25.4751	    60
25.4755	    60
25.4758	    60
25.4762	    60
25.4766	    60
25.4769	    60
25.4773	    60
25.4777	    60
25.4781	    60
25.4784	    60
25.4788	    60
25.4792	    59
25.4795	    60
25.4799	    59
25.4803	    59
25.4806	    59
25.481	    59
25.4814	    58
25.4818	    58
25.4821	    58
25.4825	    58
25.4829	    58
25.4832	    58
25.4836	    58
25.484	    58
25.4843	    58
25.4847	    58
25.4851	    57
25.4855	    57
25.4858	    57
25.4862	    57
25.4866	    57
25.4869	    57
25.4873	    56
25.4877	    56
25.488	    56
25.4884	    56
25.4888	    56
25.4892	    56
25.4895	    55
25.4899	    55
25.4903	    55
25.4906	    55
25.491	    54
25.4914	    54
25.4917	    54
25.4921	    54
25.4925	    54
25.4929	    54
25.4932	    54
25.4936	    54
25.494	    53
25.4943	    53
25.4947	    53
25.4951	    53
25.4954	    53
25.4958	    53
25.4962	    53
25.4966	    53
25.4969	    52
25.4973	    52
25.4977	    52
25.498	    52
25.4984	    52
25.4988	    52
25.4991	    51
25.4995	    51
25.4999	    51
25.5002	    51
25.5006	    51
25.501	    51
25.5014	    50
25.5017	    51
25.5021	    50
25.5025	    50
25.5028	    50
25.5032	    50
25.5036	    50
25.5039	    50
25.5043	    49
25.5047	    49
25.5051	    49
25.5054	    49
25.5058	    49
25.5062	    49
25.5065	    48
25.5069	    48
25.5073	    48
25.5076	    48
25.508	    48
25.5084	    48
25.5088	    48
25.5091	    48
25.5095	    47
25.5099	    48
25.5102	    47
25.5106	    47
25.511	    47
25.5113	    47
25.5117	    47
25.5121	    47
25.5125	    47
25.5128	    47
25.5132	    46
25.5136	    46
25.5139	    46
25.5143	    46
25.5147	    46
25.515	    46
25.5154	    46
25.5158	    46
25.5162	    45
25.5165	    45
25.5169	    45
25.5173	    45
25.5176	    45
25.518	    45
25.5184	    44
25.5187	    44
25.5191	    44
25.5195	    44
25.5199	    44
25.5202	    44
25.5206	    44
25.521	    44
25.5213	    44
25.5217	    44
25.5221	    44
25.5224	    44
25.5228	    44
25.5232	    44
25.5235	    44
25.5239	    44
25.5243	    43
25.5247	    43
25.525	    43
25.5254	    43
25.5258	    43
25.5261	    43
25.5265	    43
25.5269	    43
25.5272	    42
25.5276	    43
25.528	    42
25.5284	    43
25.5287	    42
25.5291	    42
25.5295	    42
25.5298	    42
25.5302	    42
25.5306	    42
25.5309	    42
25.5313	    42
25.5317	    42
25.5321	    42
25.5324	    42
25.5328	    42
25.5332	    42
25.5335	    42
25.5339	    42
25.5343	    42
25.5346	    42
25.535	    42
25.5354	    42
25.5358	    42
25.5361	    42
25.5365	    42
25.5369	    41
25.5372	    41
25.5376	    41
25.538	    41
25.5383	    41
25.5387	    41
25.5391	    41
25.5395	    41
25.5398	    41
25.5402	    41
25.5406	    41
25.5409	    41
25.5413	    41
25.5417	    41
25.542	    41
25.5424	    41
25.5428	    41
25.5432	    41
25.5435	    40
25.5439	    40
25.5443	    40
25.5446	    40
25.545	    40
25.5454	    40
25.5457	    40
25.5461	    40
25.5465	    40
25.5468	    40
25.5472	    40
25.5476	    40
25.548	    40
25.5483	    40
25.5487	    40
25.5491	    40
25.5494	    40
25.5498	    40
25.5502	    40
25.5505	    40
25.5509	    40
25.5513	    40
25.5517	    40
25.552	    40
25.5524	    40
25.5528	    40
25.5531	    40
25.5535	    40
25.5539	    40
25.5542	    40
25.5546	    39
25.555	    39
25.5554	    39
25.5557	    39
25.5561	    39
25.5565	    39
25.5568	    39
25.5572	    39
25.5576	    39
25.5579	    39
25.5583	    38
25.5587	    38
25.5591	    38
25.5594	    38
25.5598	    38
25.5602	    38
25.5605	    38
25.5609	    38
25.5613	    38
25.5616	    38
25.562	    38
25.5624	    38
25.5628	    38
25.5631	    38
25.5635	    38
25.5639	    38
25.5642	    38
25.5646	    38
25.565	    38
25.5653	    38
25.5657	    38
25.5661	    38
25.5664	    38
25.5668	    38
25.5672	    37
25.5676	    37
25.5679	    37
25.5683	    37
25.5687	    37
25.569	    37
25.5694	    37
25.5698	    37
25.5701	    37
25.5705	    37
25.5709	    37
25.5713	    37
25.5716	    37
25.572	    37
25.5724	    37
25.5727	    37
25.5731	    36
25.5735	    36
25.5738	    36
25.5742	    36
25.5746	    36
25.575	    36
25.5753	    36
25.5757	    36
25.5761	    36
25.5764	    36
25.5768	    36
25.5772	    36
25.5775	    36
25.5779	    36
25.5783	    35
25.5787	    35
25.579	    35
25.5794	    35
25.5798	    35
25.5801	    35
25.5805	    35
25.5809	    35
25.5812	    35
25.5816	    35
25.582	    35
25.5824	    35
25.5827	    35
25.5831	    35
25.5835	    34
25.5838	    34
25.5842	    34
25.5846	    34
25.5849	    34
25.5853	    34
25.5857	    34
25.5861	    34
25.5864	    34
25.5868	    34
25.5872	    34
25.5875	    34
25.5879	    33
25.5883	    33
25.5886	    33
25.589	    33
25.5894	    33
25.5897	    33
25.5901	    33
25.5905	    33
25.5909	    33
25.5912	    33
25.5916	    33
25.592	    33
25.5923	    33
25.5927	    33
25.5931	    32
25.5934	    32
25.5938	    32
25.5942	    32
25.5946	    32
25.5949	    32
25.5953	    32
25.5957	    32
25.596	    32
25.5964	    32
25.5968	    32
25.5971	    32
25.5975	    32
25.5979	    32
25.5983	    31
25.5986	    31
25.599	    31
25.5994	    31
25.5997	    31
25.6001	    31
25.6005	    31
25.6008	    31
25.6012	    31
25.6016	    31
25.602	    30
25.6023	    30
25.6027	    30
25.6031	    30
25.6034	    30
25.6038	    30
25.6042	    30
25.6045	    30
25.6049	    30
25.6053	    30
25.6057	    30
25.606	    30
25.6064	    29
25.6068	    29
25.6071	    29
25.6075	    29
25.6079	    29
25.6082	    29
25.6086	    29
25.609	    29
25.6094	    29
25.6097	    29
25.6101	    28
25.6105	    28
25.6108	    28
25.6112	    28
25.6116	    28
25.6119	    28
25.6123	    28
25.6127	    28
25.613	    28
25.6134	    28
25.6138	    28
25.6142	    28
25.6145	    28
25.6149	    28
25.6153	    27
25.6156	    27
25.616	    27
25.6164	    27
25.6167	    27
25.6171	    27
25.6175	    27
25.6179	    27
25.6182	    27
25.6186	    27
25.619	    27
25.6193	    27
25.6197	    26
25.6201	    26
25.6204	    26
25.6208	    26
25.6212	    26
25.6216	    26
25.6219	    26
25.6223	    26
25.6227	    26
25.623	    26
25.6234	    26
25.6238	    26
25.6241	    26
25.6245	    26
25.6249	    25
25.6253	    25
25.6256	    25
25.626	    25
25.6264	    25
25.6267	    25
25.6271	    25
25.6275	    25
25.6278	    25
25.6282	    25
25.6286	    25
25.629	    25
25.6293	    24
25.6297	    24
25.6301	    24
25.6304	    24
25.6308	    24
25.6312	    24
25.6315	    24
25.6319	    24
25.6323	    24
25.6327	    24
25.633	    24
25.6334	    24
25.6338	    24
25.6341	    24
25.6345	    24
25.6349	    24
25.6352	    23
25.6356	    23
25.636	    23
25.6363	    23
25.6367	    23
25.6371	    23
25.6375	    23
25.6378	    23
25.6382	    23
25.6386	    23
25.6389	    23
25.6393	    23
25.6397	    23
 25.64	    23
25.6404	    23
25.6408	    23
25.6412	    23
25.6415	    23
25.6419	    23
25.6423	    23
25.6426	    23
25.643	    23
25.6434	    22
25.6437	    22
25.6441	    22
25.6445	    22
25.6449	    22
25.6452	    22
25.6456	    22
25.646	    22
25.6463	    22
25.6467	    22
25.6471	    22
25.6474	    22
25.6478	    22
25.6482	    22
25.6486	    22
25.6489	    22
25.6493	    22
25.6497	    22
 25.65	    22
25.6504	    22
25.6508	    22
25.6511	    22
25.6515	    22
25.6519	    22
25.6523	    21
25.6526	    21
25.653	    21
25.6534	    21
25.6537	    21
25.6541	    21
25.6545	    21
25.6548	    21
25.6552	    21
25.6556	    21
25.656	    21
25.6563	    21
25.6567	    21
25.6571	    21
25.6574	    21
25.6578	    21
25.6582	    21
25.6585	    21
25.6589	    21
25.6593	    21
25.6596	    21
 25.66	    21
25.6604	    20
25.6608	    20
25.6611	    20
25.6615	    20
25.6619	    20
25.6622	    20
25.6626	    20
25.663	    20
25.6633	    20
25.6637	    20
25.6641	    20
25.6645	    20
25.6648	    20
25.6652	    20
25.6656	    20
25.6659	    20
25.6663	    20
25.6667	    20
25.667	    20
25.6674	    20
25.6678	    20
25.6682	    20
25.6685	    20
25.6689	    20
25.6693	    19
25.6696	    19
 25.67	    19
25.6704	    19
25.6707	    19
25.6711	    19
25.6715	    19
25.6719	    19
25.6722	    19
25.6726	    19
25.673	    19
25.6733	    19
25.6737	    19
25.6741	    19
25.6744	    19
25.6748	    19
25.6752	    19
25.6756	    18
25.6759	    18
25.6763	    18
25.6767	    18
25.677	    18
25.6774	    18
25.6778	    18
25.6781	    18
25.6785	    18
25.6789	    18
25.6793	    18
25.6796	    18
 25.68	    18
25.6804	    18
25.6807	    18
25.6811	    18
25.6815	    18
25.6818	    18
25.6822	    18
25.6826	    18
25.6829	    18
25.6833	    18
25.6837	    18
25.6841	    18
25.6844	    18
25.6848	    18
25.6852	    18
25.6855	    18
25.6859	    18
25.6863	    18
25.6866	    18
25.687	    18
25.6874	    18
25.6878	    18
25.6881	    18
25.6885	    18
25.6889	    18
25.6892	    17
25.6896	    18
 25.69	    17
25.6903	    18
25.6907	    18
25.6911	    18
25.6915	    18
25.6918	    18
25.6922	    17
25.6926	    18
25.6929	    17
25.6933	    17
25.6937	    17
25.694	    17
25.6944	    17
25.6948	    17
25.6952	    17
25.6955	    17
25.6959	    17
25.6963	    17
25.6966	    17
25.697	    17
25.6974	    17
25.6977	    17
25.6981	    17
25.6985	    17
25.6989	    17
25.6992	    17
25.6996	    17
  25.7	    17
25.7003	    17
25.7007	    17
25.7011	    17
25.7014	    17
25.7018	    17
25.7022	    17
25.7026	    17
25.7029	    17
25.7033	    17
25.7037	    17
25.704	    17
25.7044	    17
25.7048	    16
25.7051	    16
25.7055	    16
25.7059	    16
25.7062	    16
25.7066	    16
25.707	    16
25.7074	    16
25.7077	    16
25.7081	    16
25.7085	    16
25.7088	    16
25.7092	    16
25.7096	    16
25.7099	    16
25.7103	    16
25.7107	    16
25.7111	    16
25.7114	    16
25.7118	    16
25.7122	    16
25.7125	    16
25.7129	    16
25.7133	    16
25.7136	    16
25.714	    16
25.7144	    16
25.7148	    16
25.7151	    16
25.7155	    16
25.7159	    16
25.7162	    16
25.7166	    16
25.717	    16
25.7173	    16
25.7177	    16
25.7181	    16
25.7185	    16
25.7188	    16
25.7192	    16
25.7196	    16
25.7199	    16
25.7203	    16
25.7207	    16
25.721	    16
25.7214	    16
25.7218	    16
25.7222	    16
25.7225	    15
25.7229	    15
25.7233	    15
25.7236	    15
25.724	    15
25.7244	    15
25.7247	    15
25.7251	    15
25.7255	    15
25.7259	    15
25.7262	    15
25.7266	    15
25.727	    15
25.7273	    15
25.7277	    15
25.7281	    15
25.7284	    15
25.7288	    15
25.7292	    15
25.7295	    15
25.7299	    15
25.7303	    15
25.7307	    15
25.731	    15
25.7314	    15
25.7318	    15
25.7321	    15
25.7325	    15
25.7329	    15
25.7332	    15
25.7336	    15
25.734	    15
25.7344	    15
25.7347	    15
25.7351	    15
25.7355	    15
25.7358	    15
25.7362	    15
25.7366	    15
25.7369	    15
25.7373	    15
25.7377	    15
25.7381	    15
25.7384	    15
25.7388	    15
25.7392	    15
25.7395	    15
25.7399	    15
25.7403	    15
25.7406	    15
25.741	    15
25.7414	    14
25.7418	    14
25.7421	    14
25.7425	    14
25.7429	    14
25.7432	    14
25.7436	    14
25.744	    14
25.7443	    14
25.7447	    14
25.7451	    14
25.7455	    14
25.7458	    14
25.7462	    14
25.7466	    14
25.7469	    14
25.7473	    14
25.7477	    14
25.748	    14
25.7484	    14
25.7488	    14
25.7492	    14
25.7495	    14
25.7499	    14
25.7503	    14
25.7506	    14
25.751	    14
25.7514	    14
25.7517	    14
25.7521	    14
25.7525	    14
25.7528	    14
25.7532	    14
25.7536	    14
25.754	    14
25.7543	    14
25.7547	    14
25.7551	    14
25.7554	    14
25.7558	    14
25.7562	    14
25.7565	    14
25.7569	    14
25.7573	    14
25.7577	    14
25.758	    14
25.7584	    14
25.7588	    14
25.7591	    14
25.7595	    14
25.7599	    14
25.7602	    14
25.7606	    14
25.761	    14
25.7614	    14
25.7617	    14
25.7621	    14
25.7625	    14
25.7628	    14
25.7632	    14
25.7636	    13
25.7639	    13
25.7643	    13
25.7647	    13
25.7651	    13
25.7654	    13
25.7658	    13
25.7662	    13
25.7665	    13
25.7669	    13
25.7673	    13
25.7676	    13
25.768	    13
25.7684	    13
25.7688	    13
25.7691	    13
25.7695	    13
25.7699	    13
25.7702	    13
25.7706	    13
25.771	    13
25.7713	    13
25.7717	    13
25.7721	    13
25.7725	    13
25.7728	    13
25.7732	    13
25.7736	    13
25.7739	    13
25.7743	    13
25.7747	    13
25.775	    13
25.7754	    13
25.7758	    13
25.7761	    13
25.7765	    13
25.7769	    13
25.7773	    13
25.7776	    12
25.778	    12
25.7784	    12
25.7787	    13
25.7791	    13
25.7795	    13
25.7798	    13
25.7802	    12
25.7806	    12
25.781	    12
25.7813	    12
25.7817	    12
25.7821	    12
25.7824	    12
25.7828	    12
25.7832	    12
25.7835	    12
25.7839	    12
25.7843	    12
25.7847	    12
25.785	    12
25.7854	    12
25.7858	    12
25.7861	    12
25.7865	    12
25.7869	    12
25.7872	    12
25.7876	    12
25.788	    12
25.7884	    12
25.7887	    12
25.7891	    12
25.7895	    12
25.7898	    12
25.7902	    12
25.7906	    12
25.7909	    12
25.7913	    12
25.7917	    12
25.7921	    12
25.7924	    12
25.7928	    12
25.7932	    12
25.7935	    12
25.7939	    12
25.7943	    12
25.7946	    12
25.795	    12
25.7954	    12
25.7958	    12
25.7961	    12
25.7965	    12
25.7969	    12
25.7972	    12
25.7976	    12
25.798	    12
25.7983	    12
25.7987	    12
25.7991	    12
25.7994	    12
25.7998	    12
25.8002	    12
25.8006	    12
25.8009	    12
25.8013	    12
25.8017	    12
25.802	    12
25.8024	    12
25.8028	    12
25.8031	    12
25.8035	    12
25.8039	    12
25.8043	    12
25.8046	    12
25.805	    12
25.8054	    12
25.8057	    12
25.8061	    12
25.8065	    12
25.8068	    12
25.8072	    12
25.8076	    12
25.808	    12
25.8083	    12
25.8087	    11
25.8091	    11
25.8094	    11
25.8098	    11
25.8102	    11
25.8105	    11
25.8109	    11
25.8113	    11
25.8117	    11
25.812	    11
25.8124	    11
25.8128	    11
25.8131	    11
25.8135	    11
25.8139	    11
25.8142	    11
25.8146	    11
25.815	    11
25.8154	    11
25.8157	    11
25.8161	    11
25.8165	    11
25.8168	    11
25.8172	    11
25.8176	    11
25.8179	    11
25.8183	    11
25.8187	    11
25.819	    11
25.8194	    11
25.8198	    11
25.8202	    11
25.8205	    11
25.8209	    11
25.8213	    11
25.8216	    11
25.822	    11
25.8224	    11
25.8227	    11
25.8231	    11
25.8235	    11
25.8239	    11
25.8242	    11
25.8246	    11
25.825	    11
25.8253	    11
25.8257	    11
25.8261	    11
25.8264	    11
25.8268	    11
25.8272	    11
25.8276	    11
25.8279	    11
25.8283	    11
25.8287	    11
25.829	    11
25.8294	    11
25.8298	    11
25.8301	    11
25.8305	    11
25.8309	    11
25.8313	    11
25.8316	    11
25.832	    11
25.8324	    11
25.8327	    11
25.8331	    11
25.8335	    11
25.8338	    11
25.8342	    11
25.8346	    11
25.835	    11
25.8353	    11
25.8357	    11
25.8361	    11
25.8364	    11
25.8368	    11
25.8372	    11
25.8375	    11
25.8379	    11
25.8383	    11
25.8387	    11
25.839	    11
25.8394	    11
25.8398	    11
25.8401	    11
25.8405	    11
25.8409	    11
25.8412	    11
25.8416	    11
25.842	    11
25.8423	    11
25.8427	    11
25.8431	    11
25.8435	    11
25.8438	    11
25.8442	    11
25.8446	    11
25.8449	    11
25.8453	    11
25.8457	    11
25.846	    11
25.8464	    11
25.8468	    11
25.8472	    11
25.8475	    11
25.8479	    11
25.8483	    11
25.8486	    11
25.849	    11
25.8494	    11
25.8497	    10
25.8501	    10
25.8505	    10
25.8509	    10
25.8512	    10
25.8516	    10
25.852	    10
25.8523	    10
25.8527	    10
25.8531	    10
25.8534	    10
25.8538	    10
25.8542	    10
25.8546	    10
25.8549	    10
25.8553	    10
25.8557	    10
25.856	    10
25.8564	    10
25.8568	    10
25.8571	    10
25.8575	    10
25.8579	    10
25.8583	    10
25.8586	    10
25.859	    10
25.8594	    10
25.8597	    10
25.8601	    10
25.8605	    10
25.8608	    10
25.8612	    10
25.8616	    10
25.862	    10
25.8623	    10
25.8627	    10
25.8631	    10
25.8634	    10
25.8638	    10
25.8642	    10
25.8645	    10
25.8649	    10
25.8653	    10
25.8656	    10
25.866	    10
25.8664	    10
25.8668	    10
25.8671	    10
25.8675	    10
25.8679	    10
25.8682	    10
25.8686	    10
25.869	    10
25.8693	    10
25.8697	    10
25.8701	    10
25.8705	    10
25.8708	    10
25.8712	    10
25.8716	    10
25.8719	    10
25.8723	    10
25.8727	    10
25.873	    10
25.8734	    10
25.8738	    10
25.8742	    10
25.8745	    10
25.8749	    10
25.8753	    10
25.8756	    10
25.876	    10
25.8764	    10
25.8767	    10
25.8771	    10
25.8775	    10
25.8779	    10
25.8782	    10
25.8786	    10
25.879	    10
25.8793	    10
25.8797	    10
25.8801	    10
25.8804	    10
25.8808	    10
25.8812	    10
25.8816	    10
25.8819	    10
25.8823	    10
25.8827	    10
25.883	    10
25.8834	    10
25.8838	    10
25.8841	    10
25.8845	    10
25.8849	    10
25.8853	    10
25.8856	    10
25.886	    10
25.8864	    10
25.8867	    10
25.8871	    10
25.8875	    10
25.8878	    10
25.8882	    10
25.8886	    10
25.8889	    10
25.8893	    10
25.8897	    10
25.8901	    10
25.8904	    10
25.8908	    10
25.8912	    10
25.8915	    10
25.8919	    10
25.8923	    10
25.8926	    10
25.893	    10
25.8934	    10
25.8938	    10
25.8941	    10
25.8945	    10
25.8949	    10
25.8952	    10
25.8956	    10
25.896	    10
25.8963	    10
25.8967	    10
25.8971	    10
25.8975	     9
25.8978	     9
25.8982	     9
25.8986	     9
25.8989	    10
25.8993	    10
25.8997	    10
  25.9	    10
25.9004	    10
25.9008	    10
25.9012	    10
25.9015	    10
25.9019	    10
25.9023	    10
25.9026	    10
25.903	    10
25.9034	    10
25.9037	    10
25.9041	    10
25.9045	    10
25.9049	    10
25.9052	    10
25.9056	    10
25.906	    10
25.9063	    10
25.9067	    10
25.9071	    10
25.9074	    10
25.9078	    10
25.9082	    10
25.9086	    10
25.9089	    10
25.9093	    10
25.9097	    10
 25.91	    10
25.9104	    10
25.9108	    10
25.9111	    10
25.9115	    10
25.9119	    10
25.9122	    10
25.9126	    10
25.913	    10
25.9134	    10
25.9137	    10
25.9141	    10
25.9145	    10
25.9148	    10
25.9152	    10
25.9156	    10
25.9159	     9
25.9163	    10
25.9167	     9
25.9171	     9
25.9174	     9
25.9178	     9
25.9182	     9
25.9185	     9
25.9189	     9
25.9193	     9
25.9196	     9
 25.92	    10
25.9204	    10
25.9208	    10
25.9211	    10
25.9215	    10
25.9219	    10
25.9222	    10
25.9226	    10
25.923	     9
25.9233	     9
25.9237	     9
25.9241	     9
25.9245	     9
25.9248	     9
25.9252	     9
25.9256	     9
25.9259	     9
25.9263	     9
25.9267	     9
25.927	     9
25.9274	     9
25.9278	     9
25.9282	     9
25.9285	     9
25.9289	     9
25.9293	     9
25.9296	     9
 25.93	     9
25.9304	     9
25.9307	     9
25.9311	     9
25.9315	     9
25.9319	     9
25.9322	     9
25.9326	     9
25.933	     9
25.9333	     9
25.9337	     9
25.9341	     9
25.9344	     9
25.9348	     9
25.9352	     9
25.9355	     9
25.9359	     9
25.9363	     9
25.9367	     9
25.937	     9
25.9374	     9
25.9378	     9
25.9381	     9
25.9385	     9
25.9389	     9
25.9392	     9
25.9396	     9
 25.94	     9
25.9404	     9
25.9407	     9
25.9411	     9
25.9415	     9
25.9418	     9
25.9422	     9
25.9426	     9
25.9429	     9
25.9433	     9
25.9437	     9
25.9441	     9
25.9444	     9
25.9448	     9
25.9452	     9
25.9455	     9
25.9459	     9
25.9463	     9
25.9466	     9
25.947	     9
25.9474	     9
25.9478	     9
25.9481	     9
25.9485	     9
25.9489	     9
25.9492	     9
25.9496	     9
 25.95	     9
25.9503	     9
25.9507	     9
25.9511	     9
25.9515	     9
25.9518	     9
25.9522	     9
25.9526	     9
25.9529	     9
25.9533	     9
25.9537	     9
25.954	     9
25.9544	     9
25.9548	     9
25.9552	     9
25.9555	     9
25.9559	     9
25.9563	     9
25.9566	     9
25.957	     9
25.9574	     9
25.9577	     9
25.9581	     9
25.9585	     9
25.9588	     9
25.9592	     9
25.9596	     9
 25.96	     9
25.9603	     9
25.9607	     9
25.9611	     9
25.9614	     9
25.9618	     9
25.9622	     9
25.9625	     9
25.9629	     9
25.9633	     9
25.9637	     9
25.964	     9
25.9644	     9
25.9648	     9
25.9651	     9
25.9655	     9
25.9659	     9
25.9662	     9
25.9666	     9
25.967	     9
25.9674	     9
25.9677	     9
25.9681	     9
25.9685	     9
25.9688	     9
25.9692	     9
25.9696	     9
25.9699	     9
25.9703	     9
25.9707	     9
25.9711	     9
25.9714	     9
25.9718	     9
25.9722	     9
25.9725	     9
25.9729	     9
25.9733	     9
25.9736	     9
25.974	     9
25.9744	     9
25.9748	     9
25.9751	     9
25.9755	     9
25.9759	     9
25.9762	     9
25.9766	     9
25.977	     9
25.9773	     9
25.9777	     9
25.9781	     9
25.9785	     9
25.9788	     9
25.9792	     9
25.9796	     9
25.9799	     9
25.9803	     9
25.9807	     9
25.981	     9
25.9814	     9
25.9818	     9
25.9821	     9
25.9825	     9
25.9829	     9
25.9833	     8
25.9836	     8
25.984	     8
25.9844	     8
25.9847	     8
25.9851	     8
25.9855	     8
25.9858	     8
25.9862	     8
25.9866	     8
25.987	     8
25.9873	     8
25.9877	     8
25.9881	     8
25.9884	     8
25.9888	     8
25.9892	     8
25.9895	     8
25.9899	     8
25.9903	     8
25.9907	     8
25.991	     8
25.9914	     8
25.9918	     8
25.9921	     8
25.9925	     8
25.9929	     8
25.9932	     8
25.9936	     8
25.994	     8
25.9944	     8
25.9947	     8
25.9951	     8
25.9955	     8
25.9958	     8
25.9962	     8
25.9966	     8
25.9969	     8
25.9973	     8
25.9977	     8
25.9981	     8
25.9984	     8
25.9988	     8
25.9992	     8
25.9995	     8
