  24.9	    28
24.9004	    28
24.9007	    28
24.9011	    28
24.9015	    28
24.9018	    28
24.9022	    28
24.9026	    28
24.903	    28
24.9033	    29
24.9037	    28
24.9041	    29
24.9044	    29
24.9048	    29
24.9052	    29
24.9055	    29
24.9059	    29
24.9063	    29
24.9067	    29
24.907	    29
24.9074	    29
24.9078	    29
24.9081	    29
24.9085	    29
24.9089	    29
24.9092	    29
24.9096	    29
 24.91	    29
24.9104	    29
24.9107	    29
24.9111	    29
24.9115	    29
24.9118	    29
24.9122	    29
24.9126	    29
24.9129	    29
24.9133	    29
24.9137	    29
24.9141	    29
24.9144	    30
24.9148	    29
24.9152	    30
24.9155	    30
24.9159	    30
24.9163	    30
24.9166	    30
24.917	    30
24.9174	    30
24.9178	    30
24.9181	    30
24.9185	    30
24.9189	    30
24.9192	    30
24.9196	    30
 24.92	    30
24.9203	    30
24.9207	    30
24.9211	    30
24.9215	    30
24.9218	    30
24.9222	    30
24.9226	    31
24.9229	    31
24.9233	    31
24.9237	    31
24.924	    31
24.9244	    31
24.9248	    31
24.9251	    31
24.9255	    31
24.9259	    31
24.9263	    31
24.9266	    31
24.927	    31
24.9274	    31
24.9277	    32
24.9281	    31
24.9285	    32
24.9288	    32
24.9292	    32
24.9296	    32
 24.93	    32
24.9303	    32
24.9307	    32
24.9311	    32
24.9314	    32
24.9318	    32
24.9322	    32
24.9325	    32
24.9329	    33
24.9333	    33
24.9337	    33
24.934	    33
24.9344	    33
24.9348	    33
24.9351	    33
24.9355	    33
24.9359	    33
24.9362	    33
24.9366	    33
24.937	    33
24.9374	    33
24.9377	    33
24.9381	    33
24.9385	    33
24.9388	    34
24.9392	    33
24.9396	    34
24.9399	    34
24.9403	    34
24.9407	    34
24.9411	    34
24.9414	    34
24.9418	    34
24.9422	    34
24.9425	    34
24.9429	    34
24.9433	    34
24.9436	    34
24.944	    34
24.9444	    34
24.9448	    34
24.9451	    34
24.9455	    35
24.9459	    35
24.9462	    35
24.9466	    35
24.947	    35
24.9473	    35
24.9477	    35
24.9481	    35
24.9484	    36
24.9488	    35
24.9492	    36
24.9496	    35
24.9499	    35
24.9503	    35
24.9507	    36
24.951	    35
24.9514	    36
24.9518	    36
24.9521	    36
24.9525	    36
24.9529	    36
24.9533	    36
24.9536	    36
24.954	    36
24.9544	    36
24.9547	    36
24.9551	    36
24.9555	    36
24.9558	    36
24.9562	    36
24.9566	    37
24.957	    37
24.9573	    37
24.9577	    37
24.9581	    37
24.9584	    37
24.9588	    37
24.9592	    37
24.9595	    37
24.9599	    37
24.9603	    38
24.9607	    37
24.961	    38
24.9614	    37
24.9618	    38
24.9621	    38
24.9625	    38
24.9629	    38
24.9632	    38
24.9636	    38
24.964	    38
24.9644	    38
24.9647	    38
24.9651	    38
24.9655	    38
24.9658	    38
24.9662	    38
24.9666	    38
24.9669	    38
24.9673	    38
24.9677	    38
24.9681	    38
24.9684	    38
24.9688	    38
24.9692	    38
24.9695	    38
24.9699	    38
24.9703	    38
24.9706	    38
24.971	    38
24.9714	    39
24.9717	    39
24.9721	    39
24.9725	    39
24.9729	    39
24.9732	    39
24.9736	    39
24.974	    39
24.9743	    39
24.9747	    39
24.9751	    39
24.9754	    39
24.9758	    39
24.9762	    39
24.9766	    39
24.9769	    39
24.9773	    39
24.9777	    39
24.978	    40
24.9784	    39
24.9788	    40
24.9791	    39
24.9795	    40
24.9799	    39
24.9803	    40
24.9806	    40
24.981	    40
24.9814	    40
24.9817	    40
24.9821	    40
24.9825	    40
24.9828	    40
24.9832	    40
24.9836	    40
24.984	    40
24.9843	    40
24.9847	    40
24.9851	    40
24.9854	    40
24.9858	    40
24.9862	    40
24.9865	    40
24.9869	    40
24.9873	    40
24.9877	    40
24.988	    40
24.9884	    40
24.9888	    40
24.9891	    40
24.9895	    40
24.9899	    40
24.9902	    40
24.9906	    40
24.991	    40
24.9914	    40
24.9917	    40
24.9921	    40
24.9925	    40
24.9928	    40
24.9932	    40
24.9936	    40
24.9939	    40
24.9943	    40
24.9947	    40
24.995	    40
24.9954	    40
24.9958	    40
24.9962	    40
24.9965	    40
24.9969	    40
24.9973	    40
24.9976	    40
24.998	    40
24.9984	    40
24.9987	    41
24.9991	    40
24.9995	    41
24.9999	    41
25.0002	    41
25.0006	    41
25.001	    41
25.0013	    41
25.0017	    41
25.0021	    41
25.0024	    41
25.0028	    41
25.0032	    41
25.0036	    41
25.0039	    41
25.0043	    41
25.0047	    42
25.005	    41
25.0054	    42
25.0058	    42
25.0061	    42
25.0065	    42
25.0069	    42
25.0073	    42
25.0076	    42
25.008	    42
25.0084	    42
25.0087	    42
25.0091	    42
25.0095	    42
25.0098	    42
25.0102	    42
25.0106	    42
25.011	    42
25.0113	    42
25.0117	    42
25.0121	    42
25.0124	    42
25.0128	    42
25.0132	    42
25.0135	    42
25.0139	    42
25.0143	    43
25.0147	    43
25.015	    43
25.0154	    43
25.0158	    43
25.0161	    43
25.0165	    43
25.0169	    43
25.0172	    43
25.0176	    43
25.018	    43
25.0183	    43
25.0187	    43
25.0191	    43
25.0195	    43
25.0198	    43
25.0202	    43
25.0206	    43
25.0209	    44
25.0213	    43
25.0217	    44
25.022	    44
25.0224	    44
25.0228	    44
25.0232	    44
25.0235	    44
25.0239	    44
25.0243	    44
25.0246	    44
25.025	    44
25.0254	    44
25.0257	    44
25.0261	    44
25.0265	    44
25.0269	    44
25.0272	    44
25.0276	    45
25.028	    45
25.0283	    45
25.0287	    45
25.0291	    45
25.0294	    45
25.0298	    45
25.0302	    45
25.0306	    45
25.0309	    45
25.0313	    45
25.0317	    45
25.032	    45
25.0324	    45
25.0328	    45
25.0331	    45
25.0335	    46
25.0339	    46
25.0343	    46
25.0346	    46
25.035	    46
25.0354	    46
25.0357	    46
25.0361	    46
25.0365	    46
25.0368	    46
25.0372	    46
25.0376	    46
25.0379	    46
25.0383	    46
25.0387	    47
25.0391	    47
25.0394	    47
25.0398	    47
25.0402	    47
25.0405	    47
25.0409	    47
25.0413	    47
25.0416	    47
25.042	    47
25.0424	    48
25.0428	    48
25.0431	    48
25.0435	    48
25.0439	    48
25.0442	    48
25.0446	    48
25.045	    48
25.0453	    48
25.0457	    48
25.0461	    49
25.0465	    48
25.0468	    49
25.0472	    49
25.0476	    49
25.0479	    49
25.0483	    49
25.0487	    49
25.049	    49
25.0494	    49
25.0498	    49
25.0502	    49
25.0505	    50
25.0509	    50
25.0513	    50
25.0516	    50
25.052	    50
25.0524	    50
25.0527	    50
25.0531	    50
25.0535	    50
25.0539	    50
25.0542	    50
25.0546	    50
25.055	    50
25.0553	    50
25.0557	    51
25.0561	    50
25.0564	    51
25.0568	    51
25.0572	    51
25.0576	    51
25.0579	    51
25.0583	    51
25.0587	    51
25.059	    51
25.0594	    51
25.0598	    51
25.0601	    51
25.0605	    51
25.0609	    52
25.0612	    52
25.0616	    52
25.062	    52
25.0624	    52
25.0627	    52
25.0631	    52
25.0635	    52
25.0638	    52
25.0642	    52
25.0646	    52
25.0649	    52
25.0653	    53
25.0657	    53
25.0661	    53
25.0664	    53
25.0668	    53
25.0672	    53
25.0675	    53
25.0679	    53
25.0683	    54
25.0686	    54
25.069	    54
25.0694	    54
25.0698	    54
25.0701	    54
25.0705	    54
25.0709	    54
25.0712	    55
25.0716	    54
25.072	    55
25.0723	    55
25.0727	    55
25.0731	    55
25.0735	    55
25.0738	    55
25.0742	    55
25.0746	    55
25.0749	    55
25.0753	    55
25.0757	    56
25.076	    56
25.0764	    56
25.0768	    56
25.0772	    56
25.0775	    56
25.0779	    56
25.0783	    56
25.0786	    57
25.079	    56
25.0794	    57
25.0797	    57
25.0801	    57
25.0805	    57
25.0809	    58
25.0812	    57
25.0816	    58
25.082	    58
25.0823	    58
25.0827	    58
25.0831	    58
25.0834	    58
25.0838	    58
25.0842	    58
25.0845	    58
25.0849	    58
25.0853	    59
25.0857	    59
25.086	    59
25.0864	    59
25.0868	    59
25.0871	    59
25.0875	    60
25.0879	    60
25.0882	    60
25.0886	    60
25.089	    60
25.0894	    60
25.0897	    60
25.0901	    60
25.0905	    61
25.0908	    61
25.0912	    61
25.0916	    61
25.0919	    61
25.0923	    61
25.0927	    62
25.0931	    62
25.0934	    62
25.0938	    62
25.0942	    62
25.0945	    62
25.0949	    63
25.0953	    62
25.0956	    63
25.096	    62
25.0964	    63
25.0968	    63
25.0971	    63
25.0975	    63
25.0979	    63
25.0982	    63
25.0986	    64
25.099	    64
25.0993	    64
25.0997	    64
25.1001	    64
25.1005	    64
25.1008	    65
25.1012	    65
25.1016	    65
25.1019	    65
25.1023	    65
25.1027	    65
25.103	    65
25.1034	    65
25.1038	    65
25.1042	    65
25.1045	    66
25.1049	    66
25.1053	    66
25.1056	    66
25.106	    66
25.1064	    66
25.1067	    66
25.1071	    66
25.1075	    66
25.1078	    66
25.1082	    66
25.1086	    66
25.109	    67
25.1093	    67
25.1097	    67
25.1101	    67
25.1104	    67
25.1108	    67
25.1112	    67
25.1115	    67
25.1119	    68
25.1123	    67
25.1127	    68
25.113	    68
25.1134	    68
25.1138	    68
25.1141	    68
25.1145	    68
25.1149	    68
25.1152	    68
25.1156	    68
25.116	    68
25.1164	    69
25.1167	    68
25.1171	    69
25.1175	    68
25.1178	    69
25.1182	    68
25.1186	    69
25.1189	    68
25.1193	    69
25.1197	    69
25.1201	    69
25.1204	    69
25.1208	    69
25.1212	    69
25.1215	    70
25.1219	    69
25.1223	    70
25.1226	    69
25.123	    70
25.1234	    69
25.1238	    70
25.1241	    69
25.1245	    70
25.1249	    69
25.1252	    70
25.1256	    70
25.126	    70
25.1263	    70
25.1267	    70
25.1271	    70
25.1275	    71
25.1278	    70
25.1282	    71
25.1286	    71
25.1289	    71
25.1293	    71
25.1297	    71
 25.13	    71
25.1304	    71
25.1308	    71
25.1311	    72
25.1315	    71
25.1319	    72
25.1323	    71
25.1326	    71
25.133	    71
25.1334	    71
25.1337	    71
25.1341	    72
25.1345	    71
25.1348	    72
25.1352	    72
25.1356	    72
25.136	    72
25.1363	    72
25.1367	    72
25.1371	    72
25.1374	    72
25.1378	    72
25.1382	    72
25.1385	    72
25.1389	    72
25.1393	    72
25.1397	    72
 25.14	    73
25.1404	    72
25.1408	    73
25.1411	    73
25.1415	    73
25.1419	    73
25.1422	    74
25.1426	    73
25.143	    74
25.1434	    74
25.1437	    74
25.1441	    74
25.1445	    74
25.1448	    74
25.1452	    74
25.1456	    74
25.1459	    74
25.1463	    74
25.1467	    74
25.1471	    74
25.1474	    74
25.1478	    74
25.1482	    75
25.1485	    74
25.1489	    75
25.1493	    75
25.1496	    75
 25.15	    75
25.1504	    75
25.1508	    75
25.1511	    76
25.1515	    75
25.1519	    76
25.1522	    75
25.1526	    76
25.153	    76
25.1533	    76
25.1537	    76
25.1541	    76
25.1544	    76
25.1548	    77
25.1552	    76
25.1556	    77
25.1559	    77
25.1563	    77
25.1567	    77
25.157	    78
25.1574	    77
25.1578	    78
25.1581	    77
25.1585	    78
25.1589	    78
25.1593	    78
25.1596	    78
 25.16	    78
25.1604	    78
25.1607	    79
25.1611	    79
25.1615	    79
25.1618	    79
25.1622	    79
25.1626	    79
25.163	    80
25.1633	    80
25.1637	    80
25.1641	    80
25.1644	    81
25.1648	    80
25.1652	    81
25.1655	    81
25.1659	    81
25.1663	    81
25.1667	    82
25.167	    82
25.1674	    82
25.1678	    82
25.1681	    83
25.1685	    82
25.1689	    83
25.1692	    83
25.1696	    83
 25.17	    83
25.1704	    84
25.1707	    83
25.1711	    84
25.1715	    84
25.1718	    84
25.1722	    84
25.1726	    85
25.1729	    85
25.1733	    85
25.1737	    85
25.1741	    86
25.1744	    86
25.1748	    87
25.1752	    87
25.1755	    87
25.1759	    87
25.1763	    88
25.1766	    88
25.177	    89
25.1774	    89
25.1777	    89
25.1781	    89
25.1785	    90
25.1789	    90
25.1792	    90
25.1796	    90
 25.18	    90
25.1803	    90
25.1807	    91
25.1811	    91
25.1814	    92
25.1818	    92
25.1822	    92
25.1826	    92
25.1829	    93
25.1833	    93
25.1837	    93
25.184	    93
25.1844	    94
25.1848	    94
25.1851	    94
25.1855	    94
25.1859	    95
25.1863	    95
25.1866	    95
25.187	    95
25.1874	    96
25.1877	    96
25.1881	    97
25.1885	    96
25.1888	    97
25.1892	    97
25.1896	    98
 25.19	    98
25.1903	    99
25.1907	    98
25.1911	    99
25.1914	    99
25.1918	    99
25.1922	    99
25.1925	   100
25.1929	   100
25.1933	   100
25.1937	   100
25.194	   101
25.1944	   101
25.1948	   101
25.1951	   101
25.1955	   102
25.1959	   102
25.1962	   102
25.1966	   102
25.197	   102
25.1974	   102
25.1977	   103
25.1981	   103
25.1985	   103
25.1988	   103
25.1992	   104
25.1996	   103
25.1999	   104
25.2003	   104
25.2007	   104
25.201	   104
25.2014	   105
25.2018	   105
25.2022	   105
25.2025	   105
25.2029	   105
25.2033	   105
25.2036	   106
25.204	   105
25.2044	   106
25.2047	   106
25.2051	   106
25.2055	   106
25.2059	   107
25.2062	   106
25.2066	   107
25.207	   107
25.2073	   107
25.2077	   107
25.2081	   107
25.2084	   107
25.2088	   107
25.2092	   107
25.2096	   107
25.2099	   107
25.2103	   108
25.2107	   107
25.211	   108
25.2114	   108
25.2118	   108
25.2121	   108
25.2125	   108
25.2129	   108
25.2133	   109
25.2136	   108
25.214	   109
25.2144	   109
25.2147	   109
25.2151	   109
25.2155	   109
25.2158	   109
25.2162	   109
25.2166	   109
25.217	   110
25.2173	   109
25.2177	   110
25.2181	   110
25.2184	   110
25.2188	   110
25.2192	   111
25.2195	   110
25.2199	   111
25.2203	   110
25.2207	   111
25.221	   110
25.2214	   111
25.2218	   110
25.2221	   111
25.2225	   110
25.2229	   111
25.2232	   111
25.2236	   111
25.224	   111
25.2243	   111
25.2247	   111
25.2251	   111
25.2255	   110
25.2258	   111
25.2262	   110
25.2266	   111
25.2269	   111
25.2273	   111
25.2277	   111
25.228	   111
25.2284	   111
25.2288	   112
25.2292	   111
25.2295	   112
25.2299	   111
25.2303	   112
25.2306	   111
25.231	   112
25.2314	   111
25.2317	   112
25.2321	   111
25.2325	   112
25.2329	   111
25.2332	   112
25.2336	   112
25.234	   112
25.2343	   112
25.2347	   112
25.2351	   112
25.2354	   112
25.2358	   112
25.2362	   113
25.2366	   113
25.2369	   113
25.2373	   113
25.2377	   113
25.238	   113
25.2384	   113
25.2388	   113
25.2391	   113
25.2395	   113
25.2399	   114
25.2403	   113
25.2406	   114
25.241	   114
25.2414	   115
25.2417	   114
25.2421	   115
25.2425	   114
25.2428	   115
25.2432	   115
25.2436	   115
25.244	   115
25.2443	   115
25.2447	   115
25.2451	   116
25.2454	   115
25.2458	   116
25.2462	   116
25.2465	   117
25.2469	   116
25.2473	   117
25.2476	   117
25.248	   118
25.2484	   117
25.2488	   118
25.2491	   117
25.2495	   118
25.2499	   117
25.2502	   118
25.2506	   118
25.251	   118
25.2513	   118
25.2517	   118
25.2521	   118
25.2525	   119
25.2528	   118
25.2532	   119
25.2536	   119
25.2539	   119
25.2543	   119
25.2547	   119
25.255	   119
25.2554	   120
25.2558	   119
25.2562	   120
25.2565	   120
25.2569	   120
25.2573	   120
25.2576	   121
25.258	   121
25.2584	   121
25.2587	   121
25.2591	   122
25.2595	   122
25.2599	   122
25.2602	   122
25.2606	   123
25.261	   122
25.2613	   123
25.2617	   122
25.2621	   123
25.2624	   123
25.2628	   123
25.2632	   123
25.2636	   124
25.2639	   123
25.2643	   124
25.2647	   123
25.265	   124
25.2654	   124
25.2658	   124
25.2661	   124
25.2665	   125
25.2669	   124
25.2673	   125
25.2676	   125
25.268	   126
25.2684	   125
25.2687	   126
25.2691	   126
25.2695	   126
25.2698	   126
25.2702	   127
25.2706	   127
25.2709	   128
25.2713	   127
25.2717	   128
25.2721	   128
25.2724	   129
25.2728	   128
25.2732	   129
25.2735	   129
25.2739	   130
25.2743	   130
25.2746	   130
25.275	   130
25.2754	   131
25.2758	   131
25.2761	   132
25.2765	   132
25.2769	   133
25.2772	   133
25.2776	   134
25.278	   134
25.2783	   135
25.2787	   135
25.2791	   136
25.2795	   136
25.2798	   137
25.2802	   137
25.2806	   139
25.2809	   139
25.2813	   140
25.2817	   140
25.282	   142
25.2824	   142
25.2828	   143
25.2832	   143
25.2835	   145
25.2839	   145
25.2843	   146
25.2846	   147
25.285	   148
25.2854	   149
25.2857	   150
25.2861	   150
25.2865	   152
25.2869	   152
25.2872	   153
25.2876	   153
25.288	   155
25.2883	   155
25.2887	   157
25.2891	   157
25.2894	   159
25.2898	   159
25.2902	   161
25.2906	   161
25.2909	   162
25.2913	   162
25.2917	   164
25.292	   164
25.2924	   165
25.2928	   165
25.2931	   166
25.2935	   166
25.2939	   167
25.2942	   167
25.2946	   168
25.295	   168
25.2954	   170
25.2957	   170
25.2961	   171
25.2965	   171
25.2968	   173
25.2972	   173
25.2976	   174
25.2979	   174
25.2983	   175
25.2987	   174
25.2991	   175
25.2994	   175
25.2998	   176
25.3002	   175
25.3005	   176
25.3009	   175
25.3013	   176
25.3016	   176
25.302	   176
25.3024	   176
25.3028	   176
25.3031	   176
25.3035	   176
25.3039	   175
25.3042	   176
25.3046	   174
25.305	   175
25.3053	   174
25.3057	   174
25.3061	   173
25.3065	   174
25.3068	   172
25.3072	   172
25.3076	   171
25.3079	   171
25.3083	   169
25.3087	   169
25.309	   167
25.3094	   167
25.3098	   165
25.3102	   165
25.3105	   163
25.3109	   163
25.3113	   162
25.3116	   162
25.312	   160
25.3124	   160
25.3127	   158
25.3131	   158
25.3135	   157
25.3138	   156
25.3142	   155
25.3146	   154
25.315	   153
25.3153	   153
25.3157	   151
25.3161	   151
25.3164	   149
25.3168	   149
25.3172	   147
25.3175	   147
25.3179	   145
25.3183	   145
25.3187	   143
25.319	   143
25.3194	   141
25.3198	   141
25.3201	   139
25.3205	   139
25.3209	   138
25.3212	   138
25.3216	   136
25.322	   136
25.3224	   135
25.3227	   135
25.3231	   133
25.3235	   133
25.3238	   132
25.3242	   132
25.3246	   130
25.3249	   130
25.3253	   129
25.3257	   128
25.3261	   127
25.3264	   127
25.3268	   126
25.3272	   125
25.3275	   124
25.3279	   124
25.3283	   123
25.3286	   123
25.329	   122
25.3294	   122
25.3298	   121
25.3301	   121
25.3305	   120
25.3309	   120
25.3312	   119
25.3316	   120
25.332	   119
25.3323	   119
25.3327	   118
25.3331	   118
25.3335	   117
25.3338	   117
25.3342	   117
25.3346	   117
25.3349	   117
25.3353	   117
25.3357	   116
25.336	   117
25.3364	   116
25.3368	   116
25.3371	   116
25.3375	   116
25.3379	   116
25.3383	   116
25.3386	   115
25.339	   115
25.3394	   115
25.3397	   115
25.3401	   114
25.3405	   114
25.3408	   114
25.3412	   114
25.3416	   113
25.342	   114
25.3423	   113
25.3427	   113
25.3431	   113
25.3434	   113
25.3438	   113
25.3442	   113
25.3445	   113
25.3449	   113
25.3453	   112
25.3457	   113
25.346	   112
25.3464	   112
25.3468	   112
25.3471	   112
25.3475	   112
25.3479	   112
25.3482	   111
25.3486	   112
25.349	   111
25.3494	   111
25.3497	   111
25.3501	   111
25.3505	   111
25.3508	   111
25.3512	   110
25.3516	   111
25.3519	   110
25.3523	   111
25.3527	   110
25.3531	   110
25.3534	   110
25.3538	   110
25.3542	   109
25.3545	   110
25.3549	   109
25.3553	   109
25.3556	   109
25.356	   109
25.3564	   108
25.3568	   109
25.3571	   108
25.3575	   108
25.3579	   108
25.3582	   108
25.3586	   108
25.359	   108
25.3593	   107
25.3597	   108
25.3601	   107
25.3604	   107
25.3608	   107
25.3612	   108
25.3616	   107
25.3619	   107
25.3623	   107
25.3627	   107
25.363	   107
25.3634	   107
25.3638	   106
25.3641	   107
25.3645	   106
25.3649	   107
25.3653	   106
25.3656	   106
25.366	   106
25.3664	   106
25.3667	   106
25.3671	   106
25.3675	   106
25.3678	   106
25.3682	   105
25.3686	   106
25.369	   105
25.3693	   106
25.3697	   105
25.3701	   106
25.3704	   105
25.3708	   105
25.3712	   104
25.3715	   105
25.3719	   104
25.3723	   104
25.3727	   104
25.373	   104
25.3734	   104
25.3738	   104
25.3741	   104
25.3745	   104
25.3749	   104
25.3752	   104
25.3756	   104
25.376	   104
25.3764	   104
25.3767	   104
25.3771	   104
25.3775	   104
25.3778	   104
25.3782	   104
25.3786	   103
25.3789	   104
25.3793	   103
25.3797	   104
25.3801	   103
25.3804	   103
25.3808	   103
25.3812	   103
25.3815	   103
25.3819	   103
25.3823	   103
25.3826	   103
25.383	   102
25.3834	   102
25.3837	   102
25.3841	   102
25.3845	   102
25.3849	   102
25.3852	   102
25.3856	   102
25.386	   102
25.3863	   102
25.3867	   102
25.3871	   102
25.3874	   101
25.3878	   102
25.3882	   101
25.3886	   102
25.3889	   101
25.3893	   102
25.3897	   101
 25.39	   102
25.3904	   101
25.3908	   102
25.3911	   102
25.3915	   102
25.3919	   102
25.3923	   102
25.3926	   102
25.393	   102
25.3934	   101
25.3937	   102
25.3941	   101
25.3945	   101
25.3948	   101
25.3952	   102
25.3956	   101
25.396	   102
25.3963	   101
25.3967	   102
25.3971	   102
25.3974	   102
25.3978	   102
25.3982	   102
25.3985	   102
25.3989	   102
25.3993	   102
25.3997	   103
  25.4	   103
25.4004	   103
25.4008	   103
25.4011	   104
25.4015	   104
25.4019	   104
25.4022	   104
25.4026	   104
25.403	   104
25.4034	   104
25.4037	   104
25.4041	   105
25.4045	   104
25.4048	   105
25.4052	   104
25.4056	   105
25.4059	   104
25.4063	   105
25.4067	   105
25.407	   106
25.4074	   105
25.4078	   106
25.4082	   106
25.4085	   106
25.4089	   106
25.4093	   107
25.4096	   106
 25.41	   107
25.4104	   107
25.4107	   108
25.4111	   107
25.4115	   108
25.4119	   108
25.4122	   109
25.4126	   108
25.413	   109
25.4133	   109
25.4137	   109
25.4141	   109
25.4144	   110
25.4148	   109
25.4152	   110
25.4156	   110
25.4159	   110
25.4163	   110
25.4167	   111
25.417	   110
25.4174	   111
25.4178	   111
25.4181	   112
25.4185	   111
25.4189	   112
25.4193	   112
25.4196	   112
 25.42	   112
25.4204	   112
25.4207	   112
25.4211	   113
25.4215	   112
25.4218	   113
25.4222	   112
25.4226	   112
25.423	   112
25.4233	   112
25.4237	   112
25.4241	   112
25.4244	   112
25.4248	   113
25.4252	   112
25.4255	   113
25.4259	   112
25.4263	   113
25.4267	   113
25.427	   113
25.4274	   113
25.4278	   113
25.4281	   113
25.4285	   113
25.4289	   113
25.4292	   113
25.4296	   112
 25.43	   113
25.4303	   112
25.4307	   113
25.4311	   112
25.4315	   113
25.4318	   112
25.4322	   113
25.4326	   112
25.4329	   112
25.4333	   112
25.4337	   112
25.434	   111
25.4344	   112
25.4348	   111
25.4352	   112
25.4355	   111
25.4359	   111
25.4363	   111
25.4366	   111
25.437	   110
25.4374	   111
25.4377	   110
25.4381	   111
25.4385	   110
25.4389	   110
25.4392	   110
25.4396	   110
 25.44	   110
25.4403	   110
25.4407	   110
25.4411	   110
25.4414	   110
25.4418	   110
25.4422	   109
25.4426	   110
25.4429	   109
25.4433	   109
25.4437	   109
25.444	   109
25.4444	   108
25.4448	   108
25.4451	   108
25.4455	   108
25.4459	   108
25.4463	   108
25.4466	   108
25.447	   108
25.4474	   108
25.4477	   108
25.4481	   107
25.4485	   108
25.4488	   107
25.4492	   107
25.4496	   107
 25.45	   107
25.4503	   106
25.4507	   107
25.4511	   106
25.4514	   107
25.4518	   106
25.4522	   107
25.4525	   106
25.4529	   107
25.4533	   106
25.4536	   107
25.454	   106
25.4544	   106
25.4548	   106
25.4551	   106
25.4555	   105
25.4559	   105
25.4562	   105
25.4566	   105
25.457	   105
25.4573	   105
25.4577	   105
25.4581	   105
25.4585	   105
25.4588	   105
25.4592	   105
25.4596	   105
25.4599	   104
25.4603	   105
25.4607	   104
25.461	   104
25.4614	   104
25.4618	   104
25.4622	   103
25.4625	   103
25.4629	   103
25.4633	   103
25.4636	   102
25.464	   102
25.4644	   102
25.4647	   102
25.4651	   101
25.4655	   101
25.4659	   101
25.4662	   101
25.4666	   100
25.467	   100
25.4673	   100
25.4677	   100
25.4681	    99
25.4684	   100
25.4688	    99
25.4692	    99
25.4696	    99
25.4699	    99
25.4703	    98
25.4707	    98
25.471	    98
25.4714	    98
25.4718	    97
25.4721	    97
25.4725	    97
25.4729	    97
25.4733	    96
25.4736	    96
25.474	    96
25.4744	    96
25.4747	    95
25.4751	    95
25.4755	    95
25.4758	    95
25.4762	    94
25.4766	    94
25.4769	    94
25.4773	    94
25.4777	    93
25.4781	    93
25.4784	    93
25.4788	    93
25.4792	    92
25.4795	    92
25.4799	    92
25.4803	    92
25.4806	    91
25.481	    91
25.4814	    90
25.4818	    91
25.4821	    90
25.4825	    90
25.4829	    89
25.4832	    89
25.4836	    88
25.484	    88
25.4843	    88
25.4847	    88
25.4851	    87
25.4855	    87
25.4858	    87
25.4862	    87
25.4866	    86
25.4869	    87
25.4873	    86
25.4877	    86
25.488	    86
25.4884	    86
25.4888	    85
25.4892	    85
25.4895	    85
25.4899	    85
25.4903	    84
25.4906	    84
25.491	    84
25.4914	    84
25.4917	    83
25.4921	    83
25.4925	    82
25.4929	    83
25.4932	    82
25.4936	    82
25.494	    82
25.4943	    82
25.4947	    81
25.4951	    81
25.4954	    81
25.4958	    81
25.4962	    80
25.4966	    80
25.4969	    80
25.4973	    80
25.4977	    80
25.498	    80
25.4984	    79
25.4988	    79
25.4991	    79
25.4995	    79
25.4999	    78
25.5002	    78
25.5006	    78
25.501	    78
25.5014	    78
25.5017	    78
25.5021	    78
25.5025	    78
25.5028	    77
25.5032	    77
25.5036	    77
25.5039	    77
25.5043	    76
25.5047	    76
25.5051	    76
25.5054	    76
25.5058	    76
25.5062	    76
25.5065	    75
25.5069	    75
25.5073	    75
25.5076	    75
25.508	    74
25.5084	    74
25.5088	    74
25.5091	    74
25.5095	    74
25.5099	    74
25.5102	    73
25.5106	    74
25.511	    73
25.5113	    73
25.5117	    73
25.5121	    73
25.5125	    72
25.5128	    72
25.5132	    72
25.5136	    72
25.5139	    72
25.5143	    72
25.5147	    71
25.515	    71
25.5154	    71
25.5158	    71
25.5162	    71
25.5165	    71
25.5169	    70
25.5173	    70
25.5176	    70
25.518	    70
25.5184	    70
25.5187	    70
25.5191	    70
25.5195	    70
25.5199	    69
25.5202	    70
25.5206	    69
25.521	    69
25.5213	    69
25.5217	    69
25.5221	    69
25.5224	    69
25.5228	    68
25.5232	    69
25.5235	    68
25.5239	    68
25.5243	    68
25.5247	    68
25.525	    68
25.5254	    68
25.5258	    68
25.5261	    68
25.5265	    67
25.5269	    68
25.5272	    67
25.5276	    67
25.528	    67
25.5284	    67
25.5287	    67
25.5291	    67
25.5295	    67
25.5298	    67
25.5302	    66
25.5306	    67
25.5309	    66
25.5313	    66
25.5317	    66
25.5321	    66
25.5324	    66
25.5328	    66
25.5332	    66
25.5335	    66
25.5339	    66
25.5343	    66
25.5346	    65
25.535	    65
25.5354	    65
25.5358	    65
25.5361	    65
25.5365	    65
25.5369	    65
25.5372	    65
25.5376	    64
25.538	    64
25.5383	    64
25.5387	    64
25.5391	    64
25.5395	    64
25.5398	    64
25.5402	    64
25.5406	    64
25.5409	    64
25.5413	    63
25.5417	    64
25.542	    63
25.5424	    63
25.5428	    63
25.5432	    63
25.5435	    63
25.5439	    63
25.5443	    63
25.5446	    63
25.545	    62
25.5454	    62
25.5457	    62
25.5461	    62
25.5465	    62
25.5468	    62
25.5472	    62
25.5476	    62
25.548	    62
25.5483	    62
25.5487	    62
25.5491	    62
25.5494	    61
25.5498	    61
25.5502	    61
25.5505	    61
25.5509	    60
25.5513	    60
25.5517	    60
25.552	    60
25.5524	    60
25.5528	    60
25.5531	    60
25.5535	    60
25.5539	    60
25.5542	    60
25.5546	    59
25.555	    59
25.5554	    59
25.5557	    59
25.5561	    58
25.5565	    59
25.5568	    58
25.5572	    58
25.5576	    58
25.5579	    58
25.5583	    58
25.5587	    58
25.5591	    57
25.5594	    58
25.5598	    57
25.5602	    57
25.5605	    57
25.5609	    57
25.5613	    57
25.5616	    57
25.562	    57
25.5624	    57
25.5628	    56
25.5631	    56
25.5635	    56
25.5639	    56
25.5642	    56
25.5646	    56
25.565	    55
25.5653	    56
25.5657	    55
25.5661	    55
25.5664	    55
25.5668	    55
25.5672	    55
25.5676	    55
25.5679	    54
25.5683	    54
25.5687	    54
25.569	    54
25.5694	    54
25.5698	    54
25.5701	    53
25.5705	    53
25.5709	    53
25.5713	    53
25.5716	    53
25.572	    53
25.5724	    52
25.5727	    53
25.5731	    52
25.5735	    52
25.5738	    52
25.5742	    52
25.5746	    52
25.575	    52
25.5753	    51
25.5757	    51
25.5761	    51
25.5764	    51
25.5768	    51
25.5772	    51
25.5775	    50
25.5779	    51
25.5783	    50
25.5787	    50
25.579	    50
25.5794	    50
25.5798	    50
25.5801	    50
25.5805	    49
25.5809	    49
25.5812	    49
25.5816	    49
25.582	    48
25.5824	    49
25.5827	    48
25.5831	    48
25.5835	    48
25.5838	    48
25.5842	    48
25.5846	    48
25.5849	    47
25.5853	    47
25.5857	    47
25.5861	    47
25.5864	    46
25.5868	    46
25.5872	    46
25.5875	    46
25.5879	    46
25.5883	    46
25.5886	    46
25.589	    46
25.5894	    46
25.5897	    46
25.5901	    45
25.5905	    45
25.5909	    45
25.5912	    45
25.5916	    45
25.592	    45
25.5923	    44
25.5927	    44
25.5931	    44
25.5934	    44
25.5938	    44
25.5942	    44
25.5946	    43
25.5949	    43
25.5953	    43
25.5957	    43
25.596	    42
25.5964	    42
25.5968	    42
25.5971	    42
25.5975	    42
25.5979	    42
25.5983	    42
25.5986	    42
25.599	    41
25.5994	    41
25.5997	    41
25.6001	    41
25.6005	    41
25.6008	    41
25.6012	    40
25.6016	    40
25.602	    40
25.6023	    40
25.6027	    40
25.6031	    40
25.6034	    39
25.6038	    39
25.6042	    39
25.6045	    39
25.6049	    39
25.6053	    39
25.6057	    39
25.606	    39
25.6064	    38
25.6068	    38
25.6071	    38
25.6075	    38
25.6079	    38
25.6082	    37
25.6086	    37
25.609	    37
25.6094	    37
25.6097	    37
25.6101	    37
25.6105	    37
25.6108	    36
25.6112	    36
25.6116	    36
25.6119	    36
25.6123	    36
25.6127	    36
25.613	    36
25.6134	    36
25.6138	    35
25.6142	    35
25.6145	    35
25.6149	    35
25.6153	    35
25.6156	    35
25.616	    34
25.6164	    34
25.6167	    34
25.6171	    34
25.6175	    34
25.6179	    34
25.6182	    34
25.6186	    34
25.619	    34
25.6193	    33
25.6197	    33
25.6201	    33
25.6204	    33
25.6208	    33
25.6212	    33
25.6216	    33
25.6219	    33
25.6223	    33
25.6227	    32
25.623	    32
25.6234	    32
25.6238	    32
25.6241	    32
25.6245	    32
25.6249	    32
25.6253	    32
25.6256	    31
25.626	    31
25.6264	    31
25.6267	    31
25.6271	    31
25.6275	    31
25.6278	    31
25.6282	    31
25.6286	    31
25.629	    31
25.6293	    31
25.6297	    31
25.6301	    31
25.6304	    31
25.6308	    30
25.6312	    30
25.6315	    30
25.6319	    30
25.6323	    30
25.6327	    30
25.633	    30
25.6334	    30
25.6338	    30
25.6341	    30
25.6345	    30
25.6349	    29
25.6352	    29
25.6356	    29
25.636	    29
25.6363	    29
25.6367	    29
25.6371	    29
25.6375	    29
25.6378	    29
25.6382	    29
25.6386	    29
25.6389	    28
25.6393	    28
25.6397	    28
 25.64	    28
25.6404	    28
25.6408	    28
25.6412	    28
25.6415	    28
25.6419	    28
25.6423	    28
25.6426	    28
25.643	    28
25.6434	    28
25.6437	    28
25.6441	    27
25.6445	    28
25.6449	    27
25.6452	    27
25.6456	    27
25.646	    27
25.6463	    27
25.6467	    27
25.6471	    27
25.6474	    27
25.6478	    27
25.6482	    27
25.6486	    27
25.6489	    27
25.6493	    27
25.6497	    27
 25.65	    27
25.6504	    27
25.6508	    27
25.6511	    26
25.6515	    26
25.6519	    26
25.6523	    26
25.6526	    26
25.653	    26
25.6534	    26
25.6537	    26
25.6541	    26
25.6545	    26
25.6548	    26
25.6552	    26
25.6556	    26
25.656	    26
25.6563	    26
25.6567	    26
25.6571	    26
25.6574	    26
25.6578	    26
25.6582	    25
25.6585	    25
25.6589	    25
25.6593	    25
25.6596	    25
 25.66	    25
25.6604	    25
25.6608	    25
25.6611	    25
25.6615	    25
25.6619	    25
25.6622	    25
25.6626	    25
25.663	    25
25.6633	    24
25.6637	    24
25.6641	    24
25.6645	    24
25.6648	    24
25.6652	    24
25.6656	    24
25.6659	    24
25.6663	    24
25.6667	    24
25.667	    24
25.6674	    24
25.6678	    24
25.6682	    24
25.6685	    24
25.6689	    24
25.6693	    24
25.6696	    24
 25.67	    23
25.6704	    23
25.6707	    23
25.6711	    23
25.6715	    23
25.6719	    23
25.6722	    23
25.6726	    23
25.673	    23
25.6733	    23
25.6737	    23
25.6741	    23
25.6744	    23
25.6748	    23
25.6752	    23
25.6756	    23
25.6759	    23
25.6763	    23
25.6767	    23
25.677	    23
25.6774	    22
25.6778	    22
25.6781	    22
25.6785	    22
25.6789	    22
25.6793	    22
25.6796	    22
 25.68	    22
25.6804	    22
25.6807	    22
25.6811	    22
25.6815	    22
25.6818	    22
25.6822	    22
25.6826	    22
25.6829	    22
25.6833	    22
25.6837	    22
25.6841	    22
25.6844	    22
25.6848	    22
25.6852	    22
25.6855	    22
25.6859	    22
25.6863	    22
25.6866	    22
25.687	    22
25.6874	    22
25.6878	    22
25.6881	    22
25.6885	    22
25.6889	    22
25.6892	    21
25.6896	    22
 25.69	    21
25.6903	    21
25.6907	    21
25.6911	    21
25.6915	    21
25.6918	    21
25.6922	    21
25.6926	    21
25.6929	    21
25.6933	    21
25.6937	    21
25.694	    21
25.6944	    21
25.6948	    21
25.6952	    21
25.6955	    21
25.6959	    21
25.6963	    21
25.6966	    21
25.697	    21
25.6974	    21
25.6977	    21
25.6981	    21
25.6985	    21
25.6989	    20
25.6992	    20
25.6996	    20
  25.7	    20
25.7003	    20
25.7007	    20
25.7011	    20
25.7014	    20
25.7018	    20
25.7022	    20
25.7026	    20
25.7029	    20
25.7033	    20
25.7037	    20
25.704	    20
25.7044	    20
25.7048	    20
25.7051	    20
25.7055	    20
25.7059	    20
25.7062	    20
25.7066	    20
25.707	    20
25.7074	    20
25.7077	    20
25.7081	    20
25.7085	    20
25.7088	    20
25.7092	    20
25.7096	    20
25.7099	    20
25.7103	    20
25.7107	    20
25.7111	    20
25.7114	    20
25.7118	    20
25.7122	    20
25.7125	    20
25.7129	    19
25.7133	    19
25.7136	    19
25.714	    19
25.7144	    19
25.7148	    19
25.7151	    19
25.7155	    19
25.7159	    19
25.7162	    19
25.7166	    19
25.717	    19
25.7173	    19
25.7177	    19
25.7181	    19
25.7185	    19
25.7188	    19
25.7192	    19
25.7196	    19
25.7199	    19
25.7203	    19
25.7207	    19
25.721	    19
25.7214	    19
25.7218	    19
25.7222	    19
25.7225	    19
25.7229	    19
25.7233	    18
25.7236	    18
25.724	    18
25.7244	    18
25.7247	    18
25.7251	    18
25.7255	    18
25.7259	    18
25.7262	    18
25.7266	    18
25.727	    18
25.7273	    18
25.7277	    18
25.7281	    18
25.7284	    18
25.7288	    18
25.7292	    18
25.7295	    18
25.7299	    18
25.7303	    18
25.7307	    18
25.731	    18
25.7314	    18
25.7318	    18
25.7321	    18
25.7325	    18
25.7329	    18
25.7332	    18
25.7336	    17
25.734	    17
25.7344	    17
25.7347	    17
25.7351	    17
25.7355	    17
25.7358	    17
25.7362	    17
25.7366	    17
25.7369	    17
25.7373	    17
25.7377	    17
25.7381	    17
25.7384	    17
25.7388	    17
25.7392	    17
25.7395	    17
25.7399	    17
25.7403	    17
25.7406	    17
25.741	    17
25.7414	    17
25.7418	    17
25.7421	    17
25.7425	    17
25.7429	    17
25.7432	    17
25.7436	    17
25.744	    17
25.7443	    17
25.7447	    16
25.7451	    16
25.7455	    16
25.7458	    16
25.7462	    16
25.7466	    16
25.7469	    16
25.7473	    16
25.7477	    16
25.748	    16
25.7484	    16
25.7488	    16
25.7492	    16
25.7495	    16
25.7499	    16
25.7503	    16
25.7506	    16
25.751	    16
25.7514	    16
25.7517	    16
25.7521	    16
25.7525	    16
25.7528	    16
25.7532	    16
25.7536	    16
25.754	    16
25.7543	    16
25.7547	    16
25.7551	    16
25.7554	    15
25.7558	    15
25.7562	    15
25.7565	    15
25.7569	    15
25.7573	    15
25.7577	    15
25.758	    15
25.7584	    15
25.7588	    15
25.7591	    15
25.7595	    15
25.7599	    15
25.7602	    15
25.7606	    15
25.761	    15
25.7614	    15
25.7617	    15
25.7621	    15
25.7625	    15
25.7628	    15
25.7632	    15
25.7636	    15
25.7639	    15
25.7643	    15
25.7647	    15
25.7651	    15
25.7654	    15
25.7658	    15
25.7662	    15
25.7665	    15
25.7669	    15
25.7673	    15
25.7676	    15
25.768	    15
25.7684	    14
25.7688	    14
25.7691	    14
25.7695	    14
25.7699	    14
25.7702	    14
25.7706	    14
25.771	    14
25.7713	    14
25.7717	    14
25.7721	    14
25.7725	    14
25.7728	    14
25.7732	    14
25.7736	    14
25.7739	    14
25.7743	    14
25.7747	    14
25.775	    14
25.7754	    14
25.7758	    14
25.7761	    14
25.7765	    14
25.7769	    14
25.7773	    14
25.7776	    14
25.778	    14
25.7784	    14
25.7787	    14
25.7791	    14
25.7795	    14
25.7798	    14
25.7802	    14
25.7806	    14
25.781	    14
25.7813	    14
25.7817	    14
25.7821	    14
25.7824	    14
25.7828	    14
25.7832	    14
25.7835	    14
25.7839	    14
25.7843	    13
25.7847	    13
25.785	    13
25.7854	    13
25.7858	    13
25.7861	    13
25.7865	    13
25.7869	    13
25.7872	    13
25.7876	    13
25.788	    13
25.7884	    13
25.7887	    13
25.7891	    13
25.7895	    13
25.7898	    13
25.7902	    13
25.7906	    13
25.7909	    13
25.7913	    13
25.7917	    13
25.7921	    13
25.7924	    13
25.7928	    13
25.7932	    13
25.7935	    13
25.7939	    13
25.7943	    13
25.7946	    13
25.795	    13
25.7954	    13
25.7958	    13
25.7961	    13
25.7965	    13
25.7969	    13
25.7972	    13
25.7976	    13
25.798	    13
25.7983	    13
25.7987	    13
25.7991	    13
25.7994	    13
25.7998	    13
25.8002	    13
25.8006	    13
25.8009	    13
25.8013	    13
25.8017	    13
25.802	    13
25.8024	    13
25.8028	    13
25.8031	    13
25.8035	    13
25.8039	    13
25.8043	    13
25.8046	    13
25.805	    13
25.8054	    13
25.8057	    13
25.8061	    13
25.8065	    12
25.8068	    12
25.8072	    12
25.8076	    12
25.808	    12
25.8083	    12
25.8087	    12
25.8091	    12
25.8094	    12
25.8098	    12
25.8102	    12
25.8105	    13
25.8109	    13
25.8113	    13
25.8117	    13
25.812	    13
25.8124	    12
25.8128	    12
25.8131	    12
25.8135	    12
25.8139	    12
25.8142	    12
25.8146	    12
25.815	    12
25.8154	    12
25.8157	    12
25.8161	    12
25.8165	    12
25.8168	    12
25.8172	    12
25.8176	    12
25.8179	    12
25.8183	    12
25.8187	    12
25.819	    12
25.8194	    12
25.8198	    12
25.8202	    12
25.8205	    12
25.8209	    12
25.8213	    12
25.8216	    12
25.822	    12
25.8224	    12
25.8227	    12
25.8231	    12
25.8235	    12
25.8239	    12
25.8242	    12
25.8246	    12
25.825	    12
25.8253	    12
25.8257	    12
25.8261	    12
25.8264	    12
25.8268	    12
25.8272	    12
25.8276	    12
25.8279	    12
25.8283	    12
25.8287	    12
25.829	    12
25.8294	    12
25.8298	    12
25.8301	    12
25.8305	    12
25.8309	    12
25.8313	    12
25.8316	    12
25.832	    12
25.8324	    12
25.8327	    12
25.8331	    12
25.8335	    12
25.8338	    12
25.8342	    12
25.8346	    12
25.835	    12
25.8353	    12
25.8357	    12
25.8361	    12
25.8364	    12
25.8368	    12
25.8372	    12
25.8375	    12
25.8379	    12
25.8383	    11
25.8387	    11
25.839	    11
25.8394	    11
25.8398	    11
25.8401	    11
25.8405	    11
25.8409	    11
25.8412	    11
25.8416	    11
25.842	    11
25.8423	    11
25.8427	    11
25.8431	    11
25.8435	    11
25.8438	    11
25.8442	    11
25.8446	    11
25.8449	    11
25.8453	    11
25.8457	    11
25.846	    11
25.8464	    11
25.8468	    11
25.8472	    11
25.8475	    11
25.8479	    11
25.8483	    11
25.8486	    11
25.849	    11
25.8494	    11
25.8497	    11
25.8501	    11
25.8505	    11
25.8509	    11
25.8512	    11
25.8516	    11
25.852	    11
25.8523	    11
25.8527	    11
25.8531	    11
25.8534	    11
25.8538	    11
25.8542	    11
25.8546	    11
25.8549	    11
25.8553	    11
25.8557	    11
25.856	    11
25.8564	    11
25.8568	    11
25.8571	    11
25.8575	    11
25.8579	    11
25.8583	    11
25.8586	    11
25.859	    11
25.8594	    11
25.8597	    11
25.8601	    11
25.8605	    11
25.8608	    11
25.8612	    11
25.8616	    11
25.862	    11
25.8623	    11
25.8627	    11
25.8631	    11
25.8634	    11
25.8638	    11
25.8642	    11
25.8645	    11
25.8649	    11
25.8653	    11
25.8656	    11
25.866	    11
25.8664	    11
25.8668	    11
25.8671	    11
25.8675	    11
25.8679	    11
25.8682	    11
25.8686	    11
25.869	    11
25.8693	    11
25.8697	    11
25.8701	    11
25.8705	    11
25.8708	    11
25.8712	    11
25.8716	    10
25.8719	    10
25.8723	    10
25.8727	    11
25.873	    10
25.8734	    11
25.8738	    10
25.8742	    11
25.8745	    10
25.8749	    10
25.8753	    10
25.8756	    10
25.876	    10
25.8764	    10
25.8767	    10
25.8771	    10
25.8775	    10
25.8779	    10
25.8782	    10
25.8786	    10
25.879	    10
25.8793	    10
25.8797	    10
25.8801	    10
25.8804	    10
25.8808	    10
25.8812	    10
25.8816	    10
25.8819	    10
25.8823	    10
25.8827	    10
25.883	    10
25.8834	    10
25.8838	    10
25.8841	    10
25.8845	    10
25.8849	    10
25.8853	    10
25.8856	    10
25.886	    10
25.8864	    10
25.8867	    10
25.8871	    10
25.8875	    10
25.8878	    10
25.8882	    10
25.8886	    10
25.8889	    10
25.8893	    10
25.8897	    10
25.8901	    10
25.8904	    10
25.8908	    10
25.8912	    10
25.8915	    10
25.8919	    10
25.8923	    10
25.8926	    10
25.893	    10
25.8934	    10
25.8938	    10
25.8941	    10
25.8945	    10
25.8949	    10
25.8952	    10
25.8956	    10
25.896	    10
25.8963	    10
25.8967	    10
25.8971	    10
25.8975	    10
25.8978	    10
25.8982	    10
25.8986	    10
25.8989	    10
25.8993	    10
25.8997	    10
  25.9	    10
25.9004	    10
25.9008	    10
25.9012	    10
25.9015	    10
25.9019	    10
25.9023	    10
25.9026	    10
25.903	    10
25.9034	    10
25.9037	    10
25.9041	    10
25.9045	    10
25.9049	    10
25.9052	    10
25.9056	    10
25.906	    10
25.9063	    10
25.9067	    10
25.9071	    10
25.9074	    10
25.9078	    10
25.9082	    10
25.9086	    10
25.9089	    10
25.9093	    10
25.9097	    10
 25.91	    10
25.9104	    10
25.9108	    10
25.9111	    10
25.9115	    10
25.9119	    10
25.9122	    10
25.9126	    10
25.913	    10
25.9134	    10
25.9137	    10
25.9141	    10
25.9145	    10
25.9148	    10
25.9152	    10
25.9156	    10
25.9159	    10
25.9163	    10
25.9167	    10
25.9171	    10
25.9174	    10
25.9178	    10
25.9182	    10
25.9185	    10
25.9189	    10
25.9193	    10
25.9196	    10
 25.92	    10
25.9204	    10
25.9208	    10
25.9211	    10
25.9215	    10
25.9219	    10
25.9222	    10
25.9226	    10
25.923	    10
25.9233	    10
25.9237	    10
25.9241	    10
25.9245	    10
25.9248	    10
25.9252	    10
25.9256	    10
25.9259	    10
25.9263	    10
25.9267	    10
25.927	    10
25.9274	    10
25.9278	    10
25.9282	    10
25.9285	    10
25.9289	    10
25.9293	    10
25.9296	    10
 25.93	    10
25.9304	    10
25.9307	    10
25.9311	    10
25.9315	    10
25.9319	    10
25.9322	    10
25.9326	    10
25.933	    10
25.9333	    10
25.9337	    10
25.9341	    10
25.9344	    10
25.9348	    10
25.9352	    10
25.9355	    10
25.9359	    10
25.9363	    10
25.9367	     9
25.937	    10
25.9374	    10
25.9378	    10
25.9381	    10
25.9385	    10
25.9389	    10
25.9392	    10
25.9396	    10
 25.94	    10
25.9404	    10
25.9407	    10
25.9411	    10
25.9415	    10
25.9418	    10
25.9422	    10
25.9426	    10
25.9429	    10
25.9433	     9
25.9437	     9
25.9441	     9
25.9444	     9
25.9448	     9
25.9452	     9
25.9455	     9
25.9459	     9
25.9463	     9
25.9466	     9
25.947	     9
25.9474	     9
25.9478	     9
25.9481	     9
25.9485	     9
25.9489	     9
25.9492	     9
25.9496	     9
 25.95	     9
25.9503	     9
25.9507	     9
25.9511	     9
25.9515	     9
25.9518	     9
25.9522	     9
25.9526	     9
25.9529	     9
25.9533	     9
25.9537	     9
25.954	     9
25.9544	     9
25.9548	     9
25.9552	     9
25.9555	     9
25.9559	     9
25.9563	     9
25.9566	     9
25.957	     9
25.9574	     9
25.9577	     9
25.9581	     9
25.9585	     9
25.9588	     9
25.9592	     9
25.9596	     9
 25.96	     9
25.9603	     9
25.9607	     9
25.9611	     9
25.9614	     9
25.9618	     9
25.9622	     9
25.9625	     9
25.9629	     9
25.9633	     9
25.9637	     9
25.964	     9
25.9644	     9
25.9648	     9
25.9651	     9
25.9655	     9
25.9659	     9
25.9662	     9
25.9666	     9
25.967	     9
25.9674	     9
25.9677	     9
25.9681	     9
25.9685	     9
25.9688	     9
25.9692	     9
25.9696	     9
25.9699	     9
25.9703	     9
25.9707	     9
25.9711	     9
25.9714	     9
25.9718	     9
25.9722	     9
25.9725	     9
25.9729	     9
25.9733	     9
25.9736	     9
25.974	     9
25.9744	     9
25.9748	     9
25.9751	     9
25.9755	     9
25.9759	     9
25.9762	     9
25.9766	     9
25.977	     9
25.9773	     9
25.9777	     9
25.9781	     9
25.9785	     9
25.9788	     9
25.9792	     9
25.9796	     9
25.9799	     9
25.9803	     9
25.9807	     9
25.981	     9
25.9814	     9
25.9818	     9
25.9821	     9
25.9825	     9
25.9829	     9
25.9833	     9
25.9836	     9
25.984	     9
25.9844	     9
25.9847	     9
25.9851	     9
25.9855	     9
25.9858	     9
25.9862	     9
25.9866	     9
25.987	     9
25.9873	     9
25.9877	     8
25.9881	     9
25.9884	     8
25.9888	     8
25.9892	     8
25.9895	     8
25.9899	     8
25.9903	     8
25.9907	     8
25.991	     8
25.9914	     8
25.9918	     8
25.9921	     8
25.9925	     9
25.9929	     8
25.9932	     8
25.9936	     8
25.994	     8
25.9944	     8
25.9947	     8
25.9951	     8
25.9955	     8
25.9958	     8
25.9962	     8
25.9966	     8
25.9969	     8
25.9973	     8
25.9977	     8
25.9981	     8
25.9984	     8
25.9988	     8
25.9992	     8
25.9995	     8
