       0.000 -4.88400E-004
       0.406 -4.76600E-004
       0.812 -4.98900E-004
       1.250 -4.67300E-004
       1.672 -4.95800E-004
       2.109 -4.80000E-004
       2.531 -4.77900E-004
       2.969 -4.72200E-004
       3.406 -4.78100E-004
       3.828 -4.80100E-004
       4.266 -4.49900E-004
       4.687 -4.79100E-004
       5.125 -4.41100E-004
       5.562 -4.77900E-004
       5.984 -4.37900E-004
       6.422 -4.67500E-004
       6.844 -4.53700E-004
       7.641 -4.48700E-004
       8.062 -4.56200E-004
       8.484 -4.23100E-004
       8.922 -4.32300E-004
       9.344 -4.26200E-004
       9.781 -4.11200E-004
      10.641 -4.11600E-004
      11.078 -4.32100E-004
      11.500 -3.93300E-004
      11.937 -4.10900E-004
      12.375 -3.89700E-004
      12.797 -4.00400E-004
      13.234 -3.82700E-004
      13.656 -3.89900E-004
      14.094 -3.71800E-004
      14.516 -3.80300E-004
      14.953 -3.62300E-004
      15.375 -3.71100E-004
      15.812 -3.61700E-004
      16.250 -3.55700E-004
      16.672 -3.52800E-004
      17.109 -3.35400E-004
      17.531 -3.42000E-004
      17.969 -3.01800E-004
      18.391 -3.33000E-004
      18.828 -2.90600E-004
      19.250 -3.20300E-004
      19.687 -2.80100E-004
      20.125 -3.03500E-004
      20.547 -2.80800E-004
      20.984 -2.81600E-004
      21.406 -2.64300E-004
      21.844 -2.68000E-004
      22.266 -2.54400E-004
      22.703 -2.53000E-004
      23.141 -2.64700E-004
      23.562 -2.44500E-004
      24.000 -2.54300E-004
      24.422 -2.32700E-004
      24.859 -2.34700E-004
      25.281 -2.13600E-004
      25.719 -2.34100E-004
      26.141 -2.05800E-004
      26.578 -2.17400E-004
      27.000 -2.02300E-004
      27.437 -2.09700E-004
      27.859 -1.99800E-004
      28.297 -1.93300E-004
      28.734 -1.82400E-004
      29.156 -2.03800E-004
      29.578 -1.57800E-004
      30.016 -1.74400E-004
      30.453 -1.54800E-004
      30.875 -1.65500E-004
      31.312 -1.64400E-004
      31.750 -1.56400E-004
      32.172 -1.71300E-004
      32.609 -1.33500E-004
      33.031 -1.60500E-004
      33.469 -1.15100E-004
      33.891 -1.48400E-004
      34.328 -1.02100E-004
      34.750 -1.38000E-004
      35.187 -1.01800E-004
      35.609 -1.23900E-004
      36.047 -9.39000E-005
      36.469 -1.10700E-004
      36.906 -7.67000E-005
      37.344 -1.04000E-004
      37.766 -6.12000E-005
      38.203 -9.24000E-005
      38.625 -5.47000E-005
      39.062 -6.66000E-005
      39.484 -6.05000E-005
      39.922 -7.00000E-005
      40.359 -6.04000E-005
      40.781 -4.90000E-005
      41.219 -5.56000E-005
      41.641 -2.93000E-005
      42.078 -4.10000E-005
      42.500 -2.15000E-005
      42.937 -4.22000E-005
      43.359 -7.30000E-006
      43.797 -2.96000E-005
      44.219 -1.80000E-006
      44.656 -1.43000E-005
      45.078  9.40000E-006
      45.516 -1.45000E-005
      45.953  3.14000E-005
      46.375  1.30000E-006
      46.812  5.07000E-005
      47.234  1.74000E-005
      47.672  3.99000E-005
      48.109  2.41000E-005
      48.531  3.84000E-005
      48.969  3.88000E-005
      49.391  5.30000E-005
      49.828  5.56000E-005
      50.250  6.69000E-005
      50.687  6.96000E-005
      51.109  7.23000E-005
      51.547  7.39000E-005
      51.969  8.10000E-005
      52.406  8.71000E-005
      52.844  7.22000E-005
      53.266  1.10900E-004
      53.703  8.44000E-005
      54.125  1.19700E-004
      54.562  1.17300E-004
      54.984  1.23300E-004
      55.422  1.31200E-004
      55.844  1.22500E-004
      56.281  1.34800E-004
      56.703  1.36900E-004
      57.141  1.43600E-004
      57.562  1.48200E-004
      58.000  1.56600E-004
      58.422  1.62100E-004
      58.859  1.67700E-004
      59.281  1.71400E-004
      59.719  1.73300E-004
      60.141  1.80900E-004
      60.578  1.79400E-004
      61.000  1.77100E-004
      61.437  2.15600E-004
      61.875  1.98900E-004
      62.312  2.15900E-004
      62.734  2.20200E-004
      63.172  2.09700E-004
      63.594  2.40000E-004
      64.031  2.14100E-004
      64.469  2.34500E-004
      64.891  2.36400E-004
      65.328  2.26000E-004
      65.766  2.66900E-004
      66.187  2.43000E-004
      66.625  2.65300E-004
      67.062  2.85600E-004
      67.500  2.61300E-004
      67.922  2.76500E-004
      68.359  2.72000E-004
      68.781  2.81300E-004
      69.219  2.93200E-004
      69.656  2.70800E-004
      70.078  3.14400E-004
      70.516  2.94200E-004
      70.937  3.26900E-004
      71.375  3.10400E-004
      71.797  3.32300E-004
      72.234  3.03800E-004
      72.656  3.41000E-004
      73.094  3.12800E-004
      73.531  3.52900E-004
      73.953  3.35900E-004
      74.391  3.73500E-004
      74.812  3.52900E-004
      75.250  3.69700E-004
      75.672  3.58200E-004
      76.109  3.73200E-004
      76.531  3.62800E-004
      76.969  3.79700E-004
      77.391  3.77700E-004
      77.828  3.93000E-004
      78.250  3.87100E-004
      78.687  4.11000E-004
      79.250  3.99400E-004
      79.687  4.33000E-004
      80.109  3.96800E-004
      80.547  4.36600E-004
      80.969  4.06500E-004
      81.406  4.42300E-004
      81.828  4.27900E-004
      82.266  4.60600E-004
      82.687  4.35100E-004
      83.125  4.78100E-004
      83.547  4.47200E-004
      83.984  4.70800E-004
      84.391  4.48000E-004
      84.828  4.75100E-004
      85.250  4.63300E-004
      85.703  4.87100E-004
      86.141  4.99000E-004
      86.547  4.84100E-004
      86.984  5.20100E-004
      87.406  5.08200E-004
      87.844  5.13100E-004
      88.266  5.07800E-004
      88.703  5.15100E-004
      89.125  5.24300E-004
      89.562  5.28700E-004
      89.984  5.43600E-004
      90.422  5.32400E-004
      90.844  5.68000E-004
      91.703  5.52300E-004
      92.125  5.67900E-004
      92.562  5.55400E-004
      92.984  5.73800E-004
      93.422  5.54600E-004
      93.844  5.86400E-004
      94.281  5.79300E-004
      94.703  6.15100E-004
      95.359  5.84400E-004
      95.781  6.22300E-004
      96.219  5.90300E-004
      96.641  6.14200E-004
      97.078  6.03400E-004
      97.500  6.25500E-004
      97.937  6.15600E-004
      98.359  6.47700E-004
      98.797  6.26100E-004
      99.219  6.65700E-004
      99.656  6.73300E-004
     100.500  6.39800E-004
     100.922  6.79300E-004
     101.359  6.43200E-004
     101.781  6.82500E-004
     102.219  6.70200E-004
     102.656  6.88700E-004
     103.078  7.01800E-004
     103.516  6.84700E-004
     103.937  7.14900E-004
     104.375  6.91300E-004
     104.812  7.25700E-004
     105.234  6.94800E-004
     105.672  7.36000E-004
     106.094  7.23300E-004
     106.531  7.34900E-004
     106.969  7.65300E-004
     107.391  7.33700E-004
     107.828  7.70700E-004
     108.250  7.42900E-004
     108.687  7.69100E-004
     109.125  7.42000E-004
     109.547  7.71000E-004
     109.984  7.74100E-004
     110.406  7.95300E-004
     110.828  7.81600E-004
     111.266  8.10800E-004
     111.703  7.86900E-004
     112.125  8.15400E-004
     112.562  8.00700E-004
     112.984  8.07900E-004
     113.406  7.94600E-004
     113.844  8.29800E-004
     114.281  8.12700E-004
     114.703  8.39400E-004
     115.141  8.33800E-004
     115.562  8.67100E-004
     116.000  8.44500E-004
     116.437  8.62500E-004
     116.859  8.40600E-004
     117.297  8.71900E-004
     117.719  8.54100E-004
     118.156  8.74300E-004
     118.578  8.84300E-004
     119.016  8.80000E-004
     119.453  8.95700E-004
     119.875  8.97000E-004
     120.312  9.09900E-004
     120.734  8.98800E-004
     121.172  9.12800E-004
     121.594  9.09000E-004
     122.031  9.27100E-004
     122.453  9.22200E-004
     122.891  9.44700E-004
     123.312  9.47600E-004
     123.750  9.59500E-004
     124.172  9.55700E-004
     124.609  9.68900E-004
     125.047  9.48400E-004
     125.469  9.79200E-004
     125.906  9.54100E-004
     126.328  1.00790E-003
     126.766  9.75000E-004
     127.187  1.00100E-003
     127.625  1.00140E-003
     128.062  1.02270E-003
     128.484  1.02170E-003
     128.922  1.00230E-003
     129.344  1.03350E-003
     129.781  1.00000E-003
     130.219  1.04930E-003
     130.641  1.03440E-003
     131.078  1.04770E-003
     131.500  1.04670E-003
     131.937  1.06010E-003
     132.375  1.06100E-003
     132.797  1.06840E-003
     133.234  1.06840E-003
     133.656  1.06860E-003
     134.094  1.07380E-003
     134.516  1.06690E-003
     134.953  1.10910E-003
     135.391  1.08520E-003
     135.812  1.12740E-003
     136.250  1.10210E-003
     136.672  1.11640E-003
     137.094  1.11430E-003
     137.516  1.11820E-003
     137.953  1.13050E-003
     138.391  1.11700E-003
     138.812  1.14970E-003
     139.250  1.12900E-003
     139.672  1.15570E-003
     140.109  1.15520E-003
     140.547  1.16330E-003
     140.969  1.15860E-003
     141.406  1.16880E-003
     141.828  1.16800E-003
     142.266  1.15150E-003
     142.703  1.18490E-003
     143.109  1.21110E-003
     143.547  1.18270E-003
     143.984  1.22680E-003
     144.406  1.19630E-003
     144.844  1.23830E-003
     145.266  1.21920E-003
     145.703  1.21190E-003
     146.141  1.22660E-003
     146.562  1.22420E-003
     147.000  1.26040E-003
     147.422  1.23120E-003
     147.859  1.27630E-003
     148.297  1.24730E-003
     148.719  1.26880E-003
     149.156  1.26710E-003
     149.594  1.26880E-003
     150.016  1.28490E-003
     150.453  1.25810E-003
     150.875  1.30740E-003
     151.312  1.28110E-003
     151.734  1.29620E-003
     152.156  1.32780E-003
     152.594  1.31600E-003
     153.031  1.32400E-003
     153.453  1.31670E-003
     153.891  1.32240E-003
     154.312  1.33700E-003
     154.750  1.31990E-003
     155.187  1.35530E-003
     155.609  1.34470E-003
     156.047  1.36460E-003
     156.484  1.37570E-003
     156.906  1.37690E-003
     157.344  1.37310E-003
     157.766  1.38190E-003
     158.203  1.38620E-003
     158.625  1.36470E-003
     159.062  1.40310E-003
     159.734  1.41110E-003
     160.172  1.41530E-003
     160.609  1.43570E-003
     161.016  1.42810E-003
     161.453  1.43180E-003
     161.875  1.43660E-003
     162.312  1.41530E-003
     162.750  1.46410E-003
     163.172  1.43560E-003
     163.609  1.47640E-003
     164.031  1.46620E-003
     164.469  1.47810E-003
     164.906  1.50330E-003
     165.344  1.47500E-003
     165.766  1.48450E-003
     166.203  1.49240E-003
     166.641  1.47450E-003
     167.062  1.48200E-003
     167.484  1.52800E-003
     167.922  1.51240E-003
     168.344  1.52960E-003
     168.781  1.54040E-003
     169.219  1.51660E-003
     169.641  1.56020E-003
     170.500  1.53790E-003
     170.937  1.55420E-003
     171.359  1.56520E-003
     171.797  1.54850E-003
     172.219  1.59530E-003
     172.656  1.57250E-003
     173.094  1.59370E-003
     173.516  1.57500E-003
     173.953  1.59610E-003
     174.375  1.58540E-003
     174.812  1.59680E-003
     175.250  1.62690E-003
     175.672  1.59790E-003
     176.109  1.63050E-003
     176.547  1.62020E-003
     176.969  1.64670E-003
     177.406  1.64720E-003
     177.828  1.64250E-003
     178.266  1.66380E-003
     178.703  1.64190E-003
     179.125  1.66100E-003
     179.562  1.67420E-003
     180.000  1.65670E-003
     180.422  1.70470E-003
     180.859  1.69180E-003
     181.297  1.71510E-003
     181.719  1.68550E-003
     182.156  1.70370E-003
     182.578  1.69330E-003
     183.016  1.72870E-003
     183.437  1.70530E-003
     183.875  1.74810E-003
     184.297  1.73420E-003
     184.734  1.75610E-003
     185.156  1.74230E-003
     185.594  1.75940E-003
     186.031  1.75890E-003
     186.453  1.76000E-003
     186.891  1.77740E-003
     187.312  1.76700E-003
     187.750  1.78740E-003
     188.172  1.78560E-003
     188.609  1.79220E-003
     189.031  1.81910E-003
     189.469  1.81010E-003
     189.891  1.81940E-003
     190.328  1.81820E-003
     190.750  1.81230E-003
     191.234  1.82550E-003
     191.656  1.83000E-003
     192.094  1.82520E-003
     192.516  1.87460E-003
     192.937  1.83870E-003
     193.375  1.88570E-003
     193.797  1.85560E-003
     194.234  1.89320E-003
     194.672  1.86770E-003
     195.094  1.88780E-003
     195.516  1.87320E-003
     195.953  1.91900E-003
     196.391  1.88710E-003
     196.812  1.93660E-003
     197.250  1.92800E-003
     197.672  1.93330E-003
     198.094  1.92890E-003
     198.531  1.94000E-003
     198.953  1.93390E-003
     199.391  1.94210E-003
     199.906  1.94000E-003
     200.344  1.95650E-003
     200.766  1.96200E-003
     201.203  1.97570E-003
     201.625  1.96920E-003
     202.062  1.97770E-003
     202.484  1.97350E-003
     202.922  1.98100E-003
     203.344  1.98320E-003
     203.781  1.99350E-003
     204.203  1.99710E-003
     204.641  2.00700E-003
     205.062  2.00700E-003
     205.500  2.02500E-003
     205.937  2.01870E-003
     206.359  2.02910E-003
     206.797  2.04040E-003
     207.219  2.02930E-003
     207.656  2.05460E-003
     208.078  2.04260E-003
     208.516  2.07790E-003
     208.953  2.05320E-003
     209.375  2.09880E-003
     209.812  2.07740E-003
     210.234  2.11560E-003
     210.672  2.08530E-003
     211.094  2.10950E-003
     211.531  2.09740E-003
     211.953  2.12660E-003
     212.391  2.11150E-003
     212.828  2.14140E-003
     213.250  2.13500E-003
     213.687  2.16640E-003
     214.109  2.14640E-003
     214.547  2.16280E-003
     214.969  2.15370E-003
     215.406  2.16920E-003
     215.828  2.16920E-003
     216.266  2.18230E-003
     216.703  2.18620E-003
     217.125  2.19160E-003
     217.562  2.20250E-003
     217.984  2.20590E-003
     218.422  2.19910E-003
     219.047  2.22190E-003
     219.469  2.21060E-003
     219.906  2.23950E-003
     220.328  2.21670E-003
     220.766  2.25360E-003
     221.187  2.24540E-003
     221.625  2.26540E-003
     222.047  2.26370E-003
     222.484  2.28260E-003
     222.906  2.25530E-003
     223.344  2.30060E-003
     223.766  2.26470E-003
     224.203  2.30460E-003
     224.641  2.27820E-003
     225.062  2.32460E-003
     225.500  2.29500E-003
     225.922  2.33600E-003
     226.359  2.31780E-003
     226.781  2.33490E-003
     227.219  2.32480E-003
     227.656  2.33120E-003
     228.078  2.34390E-003
     228.516  2.35010E-003
     228.937  2.36860E-003
     229.375  2.36770E-003
     229.797  2.39090E-003
     230.234  2.38190E-003
     230.656  2.39260E-003
     231.094  2.37540E-003
     231.531  2.40740E-003
     231.953  2.39310E-003
     232.391  2.41750E-003
     232.812  2.41420E-003
     233.250  2.42710E-003
     233.672  2.43570E-003
     234.109  2.44340E-003
     234.531  2.44400E-003
     234.969  2.45920E-003
     235.391  2.43400E-003
     235.828  2.47230E-003
     236.266  2.44330E-003
     236.687  2.48880E-003
     237.125  2.45500E-003
     237.547  2.50540E-003
     237.984  2.52410E-003
     238.594  2.48660E-003
     239.031  2.49900E-003
     239.656  2.53320E-003
     240.078  2.49860E-003
     240.516  2.54560E-003
     240.937  2.52360E-003
     241.375  2.54460E-003
     241.812  2.55110E-003
     242.234  2.56280E-003
     242.672  2.57980E-003
     243.109  2.55450E-003
     243.531  2.57170E-003
     243.969  2.57200E-003
     244.391  2.57550E-003
     244.828  2.59560E-003
     245.266  2.57750E-003
     245.687  2.61880E-003
     246.125  2.61480E-003
     246.562  2.61750E-003
     247.000  2.64200E-003
     247.422  2.61860E-003
     247.859  2.63750E-003
     248.281  2.63110E-003
     248.719  2.64150E-003
     249.156  2.66340E-003
     249.578  2.64580E-003
     250.016  2.69590E-003
     250.453  2.67560E-003
     250.875  2.68730E-003
     251.312  2.69800E-003
     251.750  2.68170E-003
     252.172  2.71790E-003
     252.609  2.69230E-003
     253.047  2.70520E-003
     253.469  2.73400E-003
     253.906  2.70750E-003
     254.344  2.73950E-003
     254.766  2.74020E-003
     255.203  2.73190E-003
     255.641  2.75850E-003
     256.062  2.72150E-003
     256.500  2.75890E-003
     256.937  2.75150E-003
     257.359  2.76460E-003
     257.797  2.79530E-003
     258.234  2.77540E-003
     258.656  2.79540E-003
     259.094  2.79440E-003
     259.531  2.79680E-003
     259.953  2.81920E-003
     260.391  2.78860E-003
     260.828  2.81860E-003
     261.250  2.81740E-003
     261.687  2.82400E-003
     262.125  2.84040E-003
     262.547  2.82900E-003
     262.984  2.86120E-003
     263.422  2.87450E-003
     263.859  2.84840E-003
     264.281  2.86460E-003
     264.719  2.86230E-003
     265.156  2.87370E-003
     265.578  2.89460E-003
     266.016  2.87920E-003
     266.453  2.91600E-003
     266.875  2.91670E-003
     267.312  2.89940E-003
     267.750  2.93900E-003
     268.172  2.92520E-003
     268.609  2.90450E-003
     269.047  2.94310E-003
     269.484  2.93970E-003
     269.922  2.94590E-003
     270.359  2.94800E-003
     270.781  2.98960E-003
     271.219  2.97650E-003
     271.656  2.96170E-003
     272.094  2.99100E-003
     272.516  2.98690E-003
     272.953  2.98960E-003
     273.734  2.99950E-003
     274.172  3.03320E-003
     274.594  3.02030E-003
     275.031  3.01340E-003
     275.469  3.04610E-003
     275.906  3.03840E-003
     276.344  3.02290E-003
     276.766  3.05140E-003
     277.203  3.05390E-003
     277.641  3.03890E-003
     278.078  3.06810E-003
     278.516  3.09260E-003
     278.937  3.07460E-003
     279.375  3.09410E-003
     279.812  3.10680E-003
     280.250  3.11000E-003
     280.687  3.10150E-003
     281.125  3.09650E-003
     281.547  3.13200E-003
     281.984  3.12960E-003
     282.422  3.12440E-003
     282.859  3.16110E-003
     283.281  3.15680E-003
     283.719  3.14070E-003
     284.156  3.16180E-003
     284.594  3.18700E-003
     285.031  3.16570E-003
     285.453  3.16740E-003
     285.891  3.19830E-003
     286.328  3.19670E-003
     286.766  3.19030E-003
     287.203  3.21490E-003
     288.109  3.21350E-003
     288.531  3.22860E-003
     288.969  3.21620E-003
     289.406  3.23390E-003
     289.844  3.25210E-003
     290.266  3.23980E-003
     290.703  3.25160E-003
     291.141  3.27940E-003
     291.578  3.27420E-003
     292.000  3.26020E-003
     292.437  3.28020E-003
     292.875  3.29630E-003
     293.312  3.28400E-003
     293.750  3.28100E-003
     294.172  3.31220E-003
     294.609  3.32260E-003
     295.047  3.30420E-003
     295.484  3.33120E-003
     295.922  3.35400E-003
     296.344  3.32760E-003
     296.781  3.33440E-003
     297.219  3.35330E-003
     297.656  3.34280E-003
     298.094  3.33650E-003
     298.516  3.37260E-003
     298.953  3.39780E-003
     299.391  3.37950E-003
     299.828  3.38580E-003
     300.484  3.40900E-003
     300.906  3.38370E-003
     301.344  3.40170E-003
     301.766  3.41720E-003
     302.203  3.39750E-003
     302.641  3.43470E-003
     303.078  3.43280E-003
     303.500  3.43810E-003
     303.937  3.46670E-003
     304.375  3.43500E-003
     304.797  3.46440E-003
     305.234  3.45330E-003
     305.672  3.46750E-003
     306.094  3.47740E-003
     306.531  3.46760E-003
     306.953  3.50900E-003
     307.391  3.48440E-003
     307.828  3.51320E-003
     308.250  3.51320E-003
     308.687  3.49830E-003
     309.125  3.51480E-003
     309.562  3.51740E-003
     309.984  3.52600E-003
     310.422  3.54430E-003
     310.844  3.52050E-003
     311.281  3.56730E-003
     311.719  3.54560E-003
     312.141  3.58840E-003
     312.578  3.56720E-003
     313.016  3.56160E-003
     313.437  3.58400E-003
     313.937  3.59010E-003
     314.375  3.56890E-003
     314.812  3.60600E-003
     315.234  3.60560E-003
     315.672  3.61580E-003
     316.094  3.63240E-003
     316.531  3.61050E-003
     316.969  3.65160E-003
     317.391  3.63290E-003
     317.828  3.63060E-003
     318.266  3.66350E-003
     318.687  3.65440E-003
     319.125  3.67390E-003
     319.562  3.67640E-003
     319.984  3.68350E-003
     320.422  3.70290E-003
     320.859  3.67620E-003
     321.281  3.70080E-003
     321.719  3.70600E-003
     322.156  3.69680E-003
     322.578  3.73870E-003
     323.016  3.72240E-003
     323.453  3.73080E-003
     323.891  3.76940E-003
     324.312  3.74440E-003
     324.750  3.76540E-003
     325.172  3.75980E-003
     325.609  3.75830E-003
     326.047  3.78640E-003
     326.469  3.76020E-003
     326.906  3.78810E-003
     327.344  3.79380E-003
     327.766  3.79440E-003
     328.203  3.83110E-003
     328.641  3.79460E-003
     329.062  3.82270E-003
     329.500  3.81260E-003
     329.922  3.82740E-003
     330.359  3.83080E-003
     330.797  3.84510E-003
     331.219  3.85190E-003
     331.656  3.83460E-003
     332.094  3.87220E-003
     332.516  3.87720E-003
     332.953  3.85480E-003
     333.391  3.89020E-003
     333.828  3.88050E-003
     334.250  3.87420E-003
     334.687  3.91730E-003
     335.125  3.88860E-003
     335.547  3.92430E-003
     335.984  3.93210E-003
     336.422  3.91790E-003
     336.844  3.94050E-003
     337.281  3.95210E-003
     337.719  3.93780E-003
     338.156  3.94810E-003
     338.594  3.97500E-003
     339.016  3.96850E-003
     339.453  3.96880E-003
     339.891  3.97830E-003
     340.328  4.00220E-003
     340.766  4.00410E-003
     341.187  4.00290E-003
     341.625  4.02050E-003
     342.062  4.01540E-003
     342.500  4.00010E-003
     342.937  4.02530E-003
     343.359  4.04040E-003
     343.797  4.03010E-003
     344.234  4.05360E-003
     344.672  4.07250E-003
     345.094  4.05870E-003
     345.531  4.06130E-003
     345.969  4.08760E-003
     346.406  4.06910E-003
     346.844  4.06130E-003
     347.266  4.09540E-003
     347.703  4.09730E-003
     348.141  4.08780E-003
     348.578  4.12390E-003
     349.000  4.12130E-003
     349.437  4.10580E-003
     349.875  4.13250E-003
     350.312  4.13330E-003
     350.734  4.11500E-003
     351.172  4.14290E-003
     351.609  4.15580E-003
     352.047  4.14230E-003
     352.469  4.17030E-003
     352.906  4.18940E-003
     353.344  4.17760E-003
     353.781  4.16950E-003
     354.219  4.18480E-003
     354.656  4.20450E-003
     355.078  4.19430E-003
     355.516  4.19000E-003
     355.953  4.22170E-003
     356.391  4.22710E-003
     356.828  4.21930E-003
     357.250  4.24050E-003
     357.687  4.25980E-003
     358.125  4.23960E-003
     358.562  4.24550E-003
     358.984  4.27760E-003
     359.422  4.25850E-003
     359.937  4.28290E-003
     360.375  4.28100E-003
     360.797  4.27740E-003
     361.234  4.29670E-003
     361.672  4.31190E-003
     362.109  4.29210E-003
     362.547  4.29930E-003
     362.969  4.31810E-003
     363.406  4.33130E-003
     363.844  4.32340E-003
     364.281  4.31810E-003
     364.719  4.34980E-003
     365.156  4.36970E-003
     365.578  4.34540E-003
     366.016  4.34620E-003
     366.453  4.37410E-003
     366.891  4.37810E-003
     367.328  4.37420E-003
     367.766  4.37040E-003
     368.203  4.40050E-003
     368.625  4.40440E-003
     369.062  4.39350E-003
     369.500  4.42270E-003
     369.937  4.43510E-003
     370.359  4.41370E-003
     370.797  4.43020E-003
     371.234  4.45300E-003
     371.672  4.44400E-003
     372.109  4.42910E-003
     372.547  4.46100E-003
     372.969  4.48900E-003
     373.406  4.47190E-003
     373.844  4.46680E-003
     374.281  4.48750E-003
     374.719  4.50420E-003
     375.156  4.49250E-003
     375.578  4.48720E-003
     376.016  4.51250E-003
     376.453  4.52740E-003
     376.891  4.54060E-003
     377.328  4.52780E-003
     377.766  4.53670E-003
     378.203  4.54870E-003
     378.641  4.56300E-003
     379.078  4.55380E-003
     379.516  4.55190E-003
     379.937  4.55620E-003
     380.375  4.58120E-003
     380.812  4.60550E-003
     381.250  4.60610E-003
     381.687  4.59600E-003
     382.125  4.58760E-003
     382.562  4.61420E-003
     383.000  4.63170E-003
     383.437  4.61560E-003
     383.875  4.61420E-003
     384.312  4.62260E-003
     384.734  4.65010E-003
     385.172  4.66160E-003
     385.609  4.65810E-003
     386.047  4.64480E-003
     386.484  4.65930E-003
     386.922  4.67400E-003
     387.359  4.68960E-003
     387.797  4.68190E-003
     388.234  4.67730E-003
     388.672  4.69810E-003
     389.125  4.68970E-003
     389.562  4.71480E-003
     390.000  4.73180E-003
     390.437  4.73920E-003
     390.875  4.72860E-003
     391.312  4.71870E-003
     391.750  4.74050E-003
     392.187  4.76890E-003
     392.625  4.75090E-003
     393.047  4.74750E-003
     393.484  4.77790E-003
     393.922  4.78310E-003
     394.359  4.80660E-003
     394.797  4.78780E-003
     395.234  4.77560E-003
     395.672  4.79260E-003
     396.109  4.81390E-003
     396.547  4.81740E-003
     396.984  4.81040E-003
     397.406  4.81820E-003
     397.844  4.83980E-003
     398.281  4.82700E-003
     398.828  4.83950E-003
     399.266  4.85390E-003
     399.703  4.86580E-003
     400.141  4.85690E-003
     400.578  4.84690E-003
     401.016  4.87440E-003
     401.453  4.90240E-003
     401.891  4.89630E-003
     402.312  4.87570E-003
     402.750  4.90250E-003
     403.187  4.92590E-003
     403.625  4.90100E-003
     404.062  4.89590E-003
     404.500  4.91590E-003
     404.937  4.93840E-003
     405.359  4.94260E-003
     405.797  4.93410E-003
     406.234  4.93560E-003
     406.672  4.95710E-003
     407.109  4.96420E-003
     407.734  4.98750E-003
     408.172  4.97670E-003
     408.609  4.97620E-003
     409.031  4.98470E-003
     409.469  5.00930E-003
     409.906  5.02440E-003
     410.344  5.01130E-003
     410.781  5.00420E-003
     411.219  5.01880E-003
     411.656  5.02880E-003
     412.094  5.05160E-003
     412.531  5.04360E-003
     412.969  5.03590E-003
     413.406  5.03870E-003
     413.844  5.06810E-003
     414.281  5.09030E-003
     414.719  5.10010E-003
     415.141  5.08000E-003
     415.578  5.06170E-003
     416.016  5.08690E-003
     416.453  5.09680E-003
     416.891  5.12080E-003
     417.328  5.11980E-003
     417.766  5.12600E-003
     418.203  5.11710E-003
     418.641  5.13320E-003
     419.078  5.15170E-003
     419.516  5.15470E-003
     419.953  5.14520E-003
     420.391  5.14170E-003
     420.828  5.16400E-003
     421.266  5.17020E-003
     421.703  5.19020E-003
     422.141  5.20800E-003
     422.578  5.19080E-003
     423.000  5.19040E-003
     423.453  5.18330E-003
     423.891  5.19170E-003
     424.328  5.20900E-003
     424.766  5.24030E-003
     425.328  5.23720E-003
     425.766  5.23810E-003
     426.203  5.24000E-003
     426.641  5.23980E-003
     427.094  5.25130E-003
     427.531  5.26600E-003
     427.969  5.27590E-003
     428.406  5.29260E-003
     428.844  5.29940E-003
     429.281  5.28160E-003
     429.703  5.28740E-003
     430.141  5.29900E-003
     430.594  5.31360E-003
     431.031  5.31920E-003
     431.469  5.34310E-003
     431.906  5.34440E-003
     432.344  5.33680E-003
     432.781  5.33520E-003
     433.219  5.33260E-003
     433.656  5.36020E-003
     434.484  5.35570E-003
     434.922  5.37750E-003
     435.359  5.39230E-003
     435.797  5.40640E-003
     436.234  5.41130E-003
     436.672  5.39980E-003
     437.109  5.39880E-003
     437.562  5.40530E-003
     438.000  5.40440E-003
     438.437  5.42020E-003
     438.875  5.43550E-003
     439.312  5.45030E-003
     439.750  5.46770E-003
     440.187  5.47230E-003
     440.625  5.44330E-003
     441.047  5.44350E-003
     441.484  5.46810E-003
     441.922  5.48090E-003
     442.359  5.50720E-003
     442.812  5.50790E-003
     443.250  5.52200E-003
     443.687  5.53230E-003
     444.125  5.53160E-003
     444.578  5.53700E-003
     445.031  5.53810E-003
     445.469  5.54080E-003
     445.922  5.55110E-003
     446.375  5.56640E-003
     446.812  5.56620E-003
     447.250  5.56850E-003
     447.687  5.58680E-003
     448.125  5.59170E-003
     448.578  5.59070E-003
     449.031  5.56760E-003
     449.484  5.59500E-003
     449.922  5.62320E-003
     450.547  5.62180E-003
     450.984  5.62440E-003
     451.422  5.62450E-003
     451.859  5.63100E-003
     452.297  5.61170E-003
     452.734  5.62990E-003
     453.172  5.64360E-003
     453.609  5.65940E-003
     454.047  5.67140E-003
     454.484  5.68520E-003
     454.922  5.69500E-003
     455.375  5.69850E-003
     455.812  5.68780E-003
     456.250  5.68280E-003
     456.687  5.67790E-003
     457.125  5.68150E-003
     457.562  5.69640E-003
     458.000  5.71450E-003
     458.437  5.72720E-003
     458.875  5.73770E-003
     459.312  5.75160E-003
     459.750  5.77570E-003
     460.187  5.76410E-003
     460.625  5.76140E-003
     461.062  5.76240E-003
     461.922  5.75760E-003
     462.359  5.76710E-003
     462.797  5.77660E-003
     463.234  5.79310E-003
     463.687  5.79590E-003
     464.125  5.79300E-003
     464.562  5.80770E-003
     465.000  5.80820E-003
     465.437  5.82640E-003
     465.875  5.83350E-003
     466.312  5.84260E-003
     466.766  5.85690E-003
     467.203  5.87730E-003
     467.641  5.89150E-003
     468.078  5.89430E-003
     468.516  5.89120E-003
     468.953  5.89370E-003
     469.391  5.90130E-003
     469.844  5.90590E-003
     470.281  5.90650E-003
     470.719  5.92500E-003
     471.156  5.93870E-003
     471.594  5.94820E-003
     472.031  5.95380E-003
     472.484  5.95130E-003
     472.922  5.96100E-003
     473.359  5.95600E-003
     473.797  5.96300E-003
     474.234  5.96210E-003
     474.672  5.96720E-003
     475.109  5.97210E-003
     475.547  5.98200E-003
     476.000  5.98840E-003
     476.437  5.99050E-003
     476.875  6.00320E-003
     477.312  5.99980E-003
     477.766  6.01610E-003
     478.203  6.02030E-003
     478.641  6.03210E-003
     479.078  6.04450E-003
     479.516  6.04570E-003
     479.953  6.05410E-003
     480.391  6.05310E-003
     480.844  6.05320E-003
     481.281  6.05780E-003
     481.719  6.05530E-003
     482.156  6.06960E-003
     482.609  6.06400E-003
     483.047  6.07610E-003
     483.500  6.08070E-003
     483.937  6.11430E-003
     484.375  6.11320E-003
     484.812  6.11600E-003
     485.250  6.12300E-003
     485.687  6.12200E-003
     486.125  6.13280E-003
     486.562  6.14290E-003
     487.016  6.16190E-003
     487.703  6.16730E-003
     488.156  6.17790E-003
     488.594  6.18110E-003
     489.031  6.17560E-003
     489.469  6.18390E-003
     489.906  6.18610E-003
     490.344  6.19430E-003
     490.797  6.20300E-003
     491.234  6.20930E-003
     491.672  6.22890E-003
     492.109  6.23710E-003
     492.547  6.25950E-003
     492.984  6.24170E-003
     493.437  6.24900E-003
     493.875  6.25040E-003
     494.312  6.25720E-003
     494.750  6.26700E-003
     495.187  6.27160E-003
     495.625  6.28990E-003
     496.078  6.29990E-003
     496.516  6.31930E-003
     496.953  6.32290E-003
     497.391  6.32280E-003
     497.828  6.32880E-003
     498.266  6.32940E-003
     498.703  6.34240E-003
     499.156  6.35160E-003
     499.594  6.36210E-003
     500.031  6.36870E-003
     500.469  6.38420E-003
     500.906  6.38830E-003
     501.344  6.38680E-003
     501.797  6.38560E-003
     502.234  6.38820E-003
     502.672  6.39170E-003
     503.109  6.39790E-003
     503.547  6.40930E-003
     503.984  6.41910E-003
     504.422  6.42280E-003
     504.875  6.45460E-003
     505.312  6.45040E-003
     505.750  6.44570E-003
     506.187  6.44420E-003
     506.625  6.44780E-003
     507.062  6.45430E-003
     507.516  6.45400E-003
     507.953  6.47370E-003
     508.391  6.47700E-003
     508.828  6.49110E-003
     509.266  6.49810E-003
     509.703  6.49100E-003
     510.141  6.49340E-003
     510.594  6.48840E-003
     511.031  6.52620E-003
     511.844  6.53800E-003
     512.281  6.53590E-003
     512.719  6.54720E-003
     513.156  6.54330E-003
     513.609  6.53740E-003
     514.047  6.54930E-003
     514.484  6.56190E-003
     514.937  6.56870E-003
     515.375  6.57950E-003
     515.812  6.58750E-003
     516.250  6.60310E-003
     516.687  6.60110E-003
     517.141  6.63260E-003
     517.578  6.63190E-003
     518.016  6.63950E-003
     518.453  6.63250E-003
     519.406  6.63530E-003
     519.859  6.66190E-003
     520.297  6.67790E-003
     520.734  6.66710E-003
     521.187  6.68190E-003
     521.625  6.68040E-003
     522.062  6.67130E-003
     522.500  6.67300E-003
     522.953  6.67300E-003
     523.391  6.68430E-003
     523.828  6.68860E-003
     524.266  6.71080E-003
     524.719  6.71600E-003
     525.156  6.73470E-003
     525.594  6.75380E-003
     526.047  6.75500E-003
     526.484  6.75710E-003
     526.922  6.75610E-003
     527.359  6.75600E-003
     527.812  6.76130E-003
     528.250  6.77460E-003
     528.687  6.76360E-003
     529.125  6.76780E-003
     529.578  6.78650E-003
     530.016  6.79040E-003
     530.453  6.80030E-003
     530.906  6.81220E-003
     531.344  6.82600E-003
     531.781  6.83560E-003
     532.234  6.83900E-003
     532.672  6.84440E-003
     533.109  6.84070E-003
     533.547  6.85840E-003
     534.000  6.84900E-003
     534.437  6.84460E-003
     534.875  6.85790E-003
     535.312  6.86970E-003
     535.766  6.88100E-003
     536.203  6.90320E-003
     536.641  6.92190E-003
     537.078  6.91930E-003
     537.531  6.89940E-003
     538.016  6.91450E-003
     538.469  6.92250E-003
     538.906  6.92460E-003
     539.344  6.95010E-003
     539.797  6.94090E-003
     540.234  6.95130E-003
     540.672  6.95280E-003
     541.109  6.95260E-003
     541.562  6.95360E-003
     542.000  6.96210E-003
     542.437  6.97500E-003
     542.891  6.98830E-003
     543.328  6.99410E-003
     543.766  7.01090E-003
     544.203  7.02400E-003
     544.656  7.01990E-003
     545.094  7.02380E-003
     545.531  7.02420E-003
     545.984  7.04920E-003
     546.422  7.05180E-003
     546.875  7.05800E-003
     547.312  7.05040E-003
     547.750  7.06080E-003
     548.219  7.06010E-003
     548.656  7.06510E-003
     549.094  7.07180E-003
     549.547  7.07600E-003
     549.984  7.09650E-003
     550.422  7.10160E-003
     550.859  7.10990E-003
     551.312  7.11480E-003
     551.750  7.12420E-003
     552.187  7.14120E-003
     552.625  7.15400E-003
     553.078  7.16080E-003
     553.516  7.16570E-003
     553.953  7.16280E-003
     554.406  7.16410E-003
     554.844  7.16330E-003
     555.281  7.15740E-003
     555.719  7.15230E-003
     556.172  7.16530E-003
     556.609  7.19260E-003
     557.047  7.20500E-003
     557.578  7.23000E-003
     558.016  7.23740E-003
     558.453  7.23610E-003
     558.906  7.22790E-003
     559.375  7.24980E-003
     559.844  7.22450E-003
     560.281  7.22720E-003
     560.734  7.24910E-003
     561.172  7.28130E-003
     561.625  7.29050E-003
     562.062  7.27920E-003
     562.500  7.27230E-003
     562.953  7.28560E-003
     563.391  7.29970E-003
     563.844  7.29660E-003
     564.281  7.29170E-003
     564.734  7.31730E-003
     565.172  7.33650E-003
     565.625  7.33190E-003
     566.062  7.33020E-003
     566.531  7.35690E-003
     566.984  7.37060E-003
     567.437  7.37440E-003
     567.891  7.33910E-003
     568.328  7.36790E-003
     568.781  7.39250E-003
     569.219  7.38840E-003
     569.672  7.39240E-003
     570.125  7.39610E-003
     570.578  7.41340E-003
     571.016  7.41950E-003
     571.484  7.41890E-003
     571.922  7.40360E-003
     572.375  7.42580E-003
     572.844  7.43740E-003
     573.281  7.45970E-003
     573.734  7.44790E-003
     574.172  7.44870E-003
     574.625  7.48050E-003
     575.062  7.50530E-003
     575.500  7.48250E-003
     575.953  7.47420E-003
     576.391  7.48470E-003
     576.844  7.50490E-003
     577.297  7.50610E-003
     577.734  7.50320E-003
     578.172  7.51400E-003
     578.625  7.54300E-003
     579.078  7.55290E-003
     579.531  7.52310E-003
     579.984  7.54190E-003
     580.437  7.56210E-003
     580.891  7.56220E-003
     581.328  7.54460E-003
     581.781  7.57700E-003
     582.234  7.59070E-003
     582.687  7.60940E-003
     583.359  7.61830E-003
     583.797  7.60820E-003
     584.250  7.60880E-003
     584.687  7.62610E-003
     585.141  7.60860E-003
     585.578  7.61760E-003
     586.031  7.62970E-003
     586.469  7.65080E-003
     586.906  7.68130E-003
     587.359  7.66760E-003
     587.797  7.65330E-003
     588.250  7.66940E-003
     588.687  7.69760E-003
     589.141  7.69530E-003
     589.578  7.69620E-003
     590.016  7.69340E-003
     590.469  7.70700E-003
     590.906  7.74980E-003
     591.359  7.73650E-003
     591.797  7.73060E-003
     592.250  7.71730E-003
     592.687  7.72960E-003
     593.125  7.76070E-003
     593.578  7.76190E-003
     594.016  7.75590E-003
     594.469  7.75810E-003
     594.906  7.78210E-003
     595.359  7.80400E-003
     595.797  7.79550E-003
     596.250  7.76980E-003
     596.687  7.79640E-003
     597.141  7.81830E-003
     597.578  7.81510E-003
     598.031  7.80650E-003
     598.469  7.81640E-003
     598.906  7.84210E-003
     599.359  7.87510E-003
     599.797  7.86180E-003
     600.250  7.83270E-003
     600.687  7.83730E-003
     601.125  7.84020E-003
     601.562  7.84880E-003
     602.000  7.87710E-003
     602.437  7.89050E-003
     602.891  7.89970E-003
     603.328  7.90640E-003
     603.766  7.91130E-003
     604.203  7.91040E-003
     604.641  7.91630E-003
     605.078  7.92290E-003
     605.531  7.92430E-003
     605.969  7.93790E-003
     606.406  7.94870E-003
     606.844  7.95590E-003
     607.281  7.96770E-003
     607.719  7.96880E-003
     608.172  7.97560E-003
     608.609  7.98130E-003
     609.047  7.98380E-003
     609.484  7.99390E-003
     609.922  8.00030E-003
     610.359  8.01320E-003
     610.812  8.02180E-003
     611.250  8.03370E-003
     611.687  8.04450E-003
     612.125  8.06360E-003
     612.562  8.06140E-003
     613.000  8.06240E-003
     613.437  8.06620E-003
     613.891  8.07150E-003
     614.328  8.08190E-003
     614.766  8.08660E-003
     615.203  8.09180E-003
     615.641  8.09730E-003
     616.094  8.10850E-003
     616.531  8.11660E-003
     616.969  8.09560E-003
     617.406  8.09710E-003
     617.844  8.10140E-003
     618.281  8.10360E-003
     618.719  8.11030E-003
     619.156  8.12470E-003
     619.594  8.13450E-003
     620.031  8.12860E-003
     620.484  8.14210E-003
     620.922  8.13360E-003
     621.359  8.15070E-003
     621.797  8.14900E-003
     622.234  8.15740E-003
     622.672  8.16720E-003
     623.125  8.18540E-003
     623.562  8.19410E-003
     624.000  8.20550E-003
     624.437  8.21310E-003
     624.891  8.21540E-003
     625.328  8.21430E-003
     625.766  8.21910E-003
     626.203  8.23470E-003
     626.656  8.25060E-003
     627.094  8.25620E-003
     627.531  8.27500E-003
     627.969  8.27810E-003
     628.406  8.29020E-003
     628.844  8.29050E-003
     629.297  8.28260E-003
     629.734  8.28250E-003
     630.172  8.28800E-003
     630.609  8.29530E-003
     631.047  8.31550E-003
     631.484  8.33250E-003
     631.937  8.33870E-003
     632.375  8.33310E-003
     632.812  8.33050E-003
     633.266  8.31550E-003
     633.703  8.32200E-003
     634.141  8.32690E-003
     634.594  8.35190E-003
     635.031  8.35750E-003
     635.469  8.37200E-003
     635.906  8.39330E-003
     636.359  8.39510E-003
     636.797  8.40690E-003
     637.234  8.38950E-003
     637.687  8.37760E-003
     638.125  8.38550E-003
     638.562  8.39840E-003
     639.016  8.40680E-003
     639.484  8.41860E-003
     639.922  8.43320E-003
     640.375  8.44400E-003
     640.812  8.45440E-003
     641.250  8.44990E-003
     641.687  8.45120E-003
     642.125  8.44610E-003
     642.562  8.46930E-003
     643.016  8.48190E-003
     643.453  8.49390E-003
     643.891  8.51670E-003
     644.344  8.52880E-003
     644.781  8.52580E-003
     645.219  8.51900E-003
     645.672  8.51350E-003
     646.109  8.51020E-003
     646.547  8.52060E-003
     646.984  8.53620E-003
     647.437  8.54490E-003
     647.875  8.55610E-003
     648.312  8.58310E-003
     648.766  8.59220E-003
     649.203  8.59440E-003
     649.641  8.58190E-003
     650.078  8.57620E-003
     650.531  8.57290E-003
     650.969  8.59020E-003
     651.406  8.60220E-003
     651.859  8.62000E-003
     652.297  8.62510E-003
     652.734  8.65020E-003
     653.172  8.63650E-003
     653.687  8.63230E-003
     654.125  8.62760E-003
     654.562  8.63140E-003
     655.016  8.64930E-003
     655.453  8.66740E-003
     655.891  8.67790E-003
     656.344  8.70840E-003
     656.781  8.70360E-003
     657.219  8.71400E-003
     657.672  8.69960E-003
     658.109  8.69330E-003
     658.547  8.70620E-003
     659.000  8.72130E-003
     659.437  8.73730E-003
     659.875  8.75940E-003
     660.328  8.76550E-003
     660.766  8.76710E-003
     661.203  8.77360E-003
     661.641  8.77130E-003
     662.094  8.76990E-003
     662.531  8.75580E-003
     662.969  8.77200E-003
     663.406  8.78800E-003
     663.859  8.79330E-003
     664.297  8.81170E-003
     664.734  8.82280E-003
     665.187  8.83150E-003
     665.625  8.84890E-003
     666.062  8.85190E-003
     666.500  8.85180E-003
     666.953  8.85090E-003
     667.391  8.85780E-003
     667.828  8.86870E-003
     668.641  8.89310E-003
     669.078  8.90080E-003
     669.531  8.90810E-003
     669.969  8.89640E-003
     670.406  8.89510E-003
     670.844  8.89230E-003
     671.297  8.89310E-003
     671.734  8.91030E-003
     672.172  8.91890E-003
     672.625  8.93450E-003
     673.062  8.95590E-003
     673.500  8.96520E-003
     673.953  8.96080E-003
     674.391  8.96050E-003
     674.828  8.95420E-003
     675.281  8.95350E-003
     675.719  8.96470E-003
     676.156  8.97620E-003
     676.594  8.99140E-003
     677.047  9.01830E-003
     677.484  9.02630E-003
     677.922  9.02620E-003
     678.375  9.02270E-003
     678.812  9.03970E-003
     679.250  9.03940E-003
     679.687  9.04600E-003
     680.141  9.04150E-003
     680.578  9.04380E-003
     681.016  9.04230E-003
     681.453  9.05080E-003
     681.906  9.05910E-003
     682.344  9.07050E-003
     682.781  9.08390E-003
     683.234  9.10900E-003
     683.672  9.11440E-003
     684.109  9.12120E-003
     684.547  9.12220E-003
     685.000  9.12310E-003
     685.437  9.12740E-003
     685.875  9.12560E-003
     686.328  9.12740E-003
     686.766  9.13790E-003
     687.203  9.14650E-003
     687.641  9.16270E-003
     688.094  9.18250E-003
     688.531  9.19380E-003
     688.969  9.20720E-003
     689.422  9.20150E-003
     689.859  9.19530E-003
     690.297  9.18690E-003
     690.750  9.19730E-003
     691.187  9.20560E-003
     691.625  9.21860E-003
     692.062  9.23600E-003
     692.516  9.26060E-003
     692.953  9.25500E-003
     693.391  9.25860E-003
     693.844  9.24610E-003
     694.281  9.25520E-003
     694.719  9.26230E-003
     695.172  9.27450E-003
     695.609  9.28320E-003
     696.047  9.30480E-003
     696.500  9.31780E-003
     696.937  9.33170E-003
     697.375  9.33560E-003
     697.812  9.33090E-003
     698.266  9.34290E-003
     698.703  9.33960E-003
     699.141  9.34150E-003
     699.578  9.33910E-003
     700.031  9.34040E-003
     700.469  9.35260E-003
     700.906  9.37090E-003
     701.359  9.38760E-003
     701.797  9.41110E-003
     702.234  9.40560E-003
     702.687  9.40370E-003
     703.125  9.40430E-003
     703.562  9.38880E-003
     704.016  9.40610E-003
     704.453  9.42860E-003
     704.891  9.43070E-003
     705.328  9.44550E-003
     705.781  9.46300E-003
     706.219  9.47060E-003
     706.656  9.45830E-003
     707.109  9.44370E-003
     707.547  9.46630E-003
     708.000  9.48700E-003
     708.437  9.49140E-003
     708.891  9.49730E-003
     709.375  9.51050E-003
     709.812  9.52490E-003
     710.266  9.53220E-003
     710.703  9.53790E-003
     711.141  9.53000E-003
     711.578  9.54330E-003
     712.016  9.55100E-003
     712.469  9.55130E-003
     712.906  9.55080E-003
     713.344  9.55040E-003
     713.797  9.57050E-003
     714.234  9.58070E-003
     714.672  9.60830E-003
     715.125  9.59940E-003
     715.562  9.59720E-003
     716.000  9.58500E-003
     716.453  9.59840E-003
     716.891  9.62400E-003
     717.344  9.64270E-003
     717.781  9.64850E-003
     718.219  9.65220E-003
     718.672  9.65360E-003
     719.109  9.63440E-003
     719.547  9.65130E-003
     720.000  9.66450E-003
     720.437  9.67910E-003
     720.875  9.70120E-003
     721.328  9.69750E-003
     721.766  9.70240E-003
     722.203  9.70370E-003
     722.656  9.70910E-003
     723.094  9.71840E-003
     723.531  9.74080E-003
     723.984  9.74220E-003
     724.422  9.74830E-003
     724.859  9.73520E-003
     725.312  9.73280E-003
     725.750  9.74590E-003
     726.187  9.76960E-003
     726.641  9.78140E-003
     727.078  9.79200E-003
     727.516  9.80020E-003
     727.969  9.80820E-003
     728.406  9.79200E-003
     728.844  9.78330E-003
     729.297  9.81170E-003
     729.734  9.83610E-003
     730.187  9.85090E-003
     730.625  9.84070E-003
     731.062  9.83290E-003
     731.516  9.83680E-003
     731.953  9.85570E-003
     732.391  9.88060E-003
     732.844  9.87080E-003
     733.297  9.85970E-003
     733.734  9.88040E-003
     734.172  9.91050E-003
     734.625  9.92330E-003
     735.062  9.89660E-003
     735.516  9.90700E-003
     735.953  9.91660E-003
     736.391  9.93360E-003
     736.844  9.92770E-003
     737.281  9.91780E-003
     737.734  9.94980E-003
     738.156  9.97390E-003
     738.609  9.96450E-003
     739.047  9.94550E-003
     739.500  9.95800E-003
     739.937  9.97350E-003
     740.375  9.99770E-003
     740.828  9.98990E-003
     741.266  9.98630E-003
     741.719  9.98570E-003
     742.156  1.00111E-002
     742.594  1.00422E-002
     743.047  1.00330E-002
     743.484  1.00200E-002
     743.937  1.00273E-002
     744.375  1.00450E-002
     744.828  1.00591E-002
     745.266  1.00581E-002
     745.703  1.00527E-002
     746.156  1.00589E-002
     746.594  1.00895E-002
     747.047  1.01082E-002
     747.484  1.01007E-002
     747.922  1.00913E-002
     748.375  1.00884E-002
     748.812  1.01109E-002
     749.266  1.01395E-002
     749.703  1.01341E-002
     750.141  1.01339E-002
     750.594  1.01318E-002
     751.031  1.01482E-002
     751.484  1.01786E-002
     751.922  1.01645E-002
     752.375  1.01663E-002
     752.812  1.01538E-002
     753.250  1.01776E-002
     753.703  1.02039E-002
     754.141  1.02073E-002
     754.594  1.02123E-002
     755.031  1.02096E-002
     755.484  1.02227E-002
     755.922  1.02374E-002
     756.375  1.02226E-002
     756.812  1.02188E-002
     757.250  1.02389E-002
     757.703  1.02703E-002
     758.141  1.02589E-002
     758.594  1.02489E-002
     759.031  1.02664E-002
     759.484  1.02877E-002
     759.922  1.02927E-002
     760.375  1.02675E-002
     760.812  1.02906E-002
     761.266  1.03068E-002
     761.703  1.03287E-002
     762.141  1.03178E-002
     762.594  1.03117E-002
     763.031  1.03249E-002
     763.484  1.03502E-002
     763.922  1.03707E-002
     764.359  1.03575E-002
     764.812  1.03581E-002
     765.250  1.03530E-002
     765.703  1.03742E-002
     766.141  1.03848E-002
     766.578  1.04017E-002
     767.031  1.04021E-002
     767.469  1.03999E-002
     767.922  1.04169E-002
     768.359  1.04373E-002
     768.812  1.04363E-002
     769.250  1.04214E-002
     769.687  1.04191E-002
     770.141  1.04400E-002
     770.578  1.04593E-002
     771.031  1.04803E-002
     771.609  1.04812E-002
     772.047  1.04812E-002
     772.500  1.04661E-002
     772.937  1.04729E-002
     773.375  1.04890E-002
     773.828  1.05168E-002
     774.266  1.05263E-002
     774.812  1.05129E-002
     775.250  1.05043E-002
     775.703  1.05277E-002
     776.141  1.05449E-002
     776.578  1.05591E-002
     777.031  1.05594E-002
     777.469  1.05549E-002
     777.922  1.05478E-002
     778.359  1.05663E-002
     778.797  1.05859E-002
     779.250  1.06010E-002
     779.687  1.05938E-002
     780.141  1.05871E-002
     780.578  1.06008E-002
     781.031  1.06300E-002
     781.469  1.06288E-002
     781.922  1.06191E-002
     782.359  1.06212E-002
     782.797  1.06392E-002
     783.250  1.06634E-002
     783.687  1.06766E-002
     784.141  1.06692E-002
     784.578  1.06584E-002
     785.016  1.06621E-002
     785.469  1.06800E-002
     785.906  1.07114E-002
     786.359  1.07044E-002
     786.797  1.06925E-002
     787.234  1.06982E-002
     787.687  1.07259E-002
     788.125  1.07484E-002
     788.578  1.07372E-002
     789.016  1.07610E-002
     789.812  1.07514E-002
     790.266  1.07435E-002
     790.703  1.07499E-002
     791.141  1.07777E-002
     791.594  1.07904E-002
     792.031  1.07789E-002
     792.484  1.07937E-002
     792.922  1.08149E-002
     793.375  1.08106E-002
     793.812  1.07993E-002
     794.266  1.07961E-002
     794.703  1.08226E-002
     795.156  1.08511E-002
     795.594  1.08443E-002
     796.047  1.08445E-002
     796.484  1.08753E-002
     796.937  1.08586E-002
     797.391  1.08573E-002
     797.828  1.08649E-002
     798.281  1.08926E-002
     798.719  1.08858E-002
     799.156  1.08734E-002
     799.609  1.09080E-002
     800.062  1.09273E-002
     800.500  1.09205E-002
     800.937  1.09114E-002
     801.391  1.09315E-002
     801.844  1.09328E-002
     802.281  1.09321E-002
     802.734  1.09468E-002
     803.172  1.09676E-002
     803.625  1.09867E-002
     804.062  1.09773E-002
     804.500  1.09588E-002
     804.953  1.09787E-002
     805.391  1.09994E-002
     805.844  1.09991E-002
     806.281  1.09903E-002
     806.734  1.10110E-002
     807.172  1.10382E-002
     807.625  1.10329E-002
     808.062  1.10626E-002
     808.844  1.10401E-002
     809.281  1.10349E-002
     809.734  1.10588E-002
     810.172  1.10773E-002
     810.625  1.10499E-002
     811.062  1.10766E-002
     811.516  1.11024E-002
     811.969  1.10960E-002
     812.406  1.10929E-002
     812.859  1.11180E-002
     813.297  1.11255E-002
     813.750  1.11141E-002
     814.187  1.11219E-002
     814.641  1.11558E-002
     815.078  1.11413E-002
     815.531  1.11290E-002
     815.969  1.11590E-002
     816.422  1.11879E-002
     816.859  1.11736E-002
     817.312  1.11710E-002
     817.750  1.11934E-002
     818.203  1.11887E-002
     818.656  1.11895E-002
     819.094  1.12139E-002
     819.547  1.12203E-002
     819.984  1.12121E-002
     820.437  1.12237E-002
     820.875  1.12482E-002
     821.328  1.12547E-002
     821.766  1.12265E-002
     822.219  1.12504E-002
     822.656  1.12660E-002
     823.109  1.12481E-002
     823.562  1.12988E-002
     824.391  1.12954E-002
     824.828  1.12843E-002
     825.281  1.12898E-002
     825.719  1.13162E-002
     826.156  1.13162E-002
     826.609  1.13037E-002
     827.047  1.13174E-002
     827.500  1.13415E-002
     827.937  1.13519E-002
     828.391  1.13441E-002
     828.828  1.13596E-002
     829.281  1.13835E-002
     829.719  1.13622E-002
     830.172  1.13547E-002
     830.609  1.13791E-002
     831.062  1.13973E-002
     831.500  1.13879E-002
     831.953  1.13935E-002
     832.406  1.14339E-002
     832.844  1.14149E-002
     833.297  1.14319E-002
     833.734  1.14446E-002
     834.187  1.14335E-002
     834.625  1.14307E-002
     835.078  1.14570E-002
     835.516  1.14662E-002
     835.969  1.14541E-002
     836.406  1.14727E-002
     836.859  1.14994E-002
     837.297  1.14946E-002
     837.750  1.14767E-002
     838.203  1.15161E-002
     838.641  1.15097E-002
     839.094  1.15064E-002
     839.531  1.15340E-002
     839.984  1.15348E-002
     840.437  1.15250E-002
     840.875  1.15579E-002
     841.328  1.15594E-002
     841.766  1.15383E-002
     842.219  1.15518E-002
     842.656  1.15796E-002
     843.109  1.15661E-002
     843.547  1.15677E-002
     844.000  1.15938E-002
     844.437  1.15989E-002
     844.891  1.15868E-002
     845.328  1.16143E-002
     845.781  1.16404E-002
     846.219  1.16243E-002
     846.672  1.16125E-002
     847.125  1.16519E-002
     847.562  1.16483E-002
     848.016  1.16354E-002
     848.453  1.16606E-002
     848.906  1.16851E-002
     849.344  1.16621E-002
     849.797  1.16750E-002
     850.234  1.17012E-002
     850.687  1.16925E-002
     851.125  1.16803E-002
     851.578  1.16905E-002
     852.016  1.17164E-002
     852.453  1.17410E-002
     852.906  1.17323E-002
     853.344  1.17244E-002
     853.797  1.17694E-002
     854.250  1.17351E-002
     854.703  1.17621E-002
     855.312  1.17847E-002
     855.766  1.17724E-002
     856.266  1.17895E-002
     856.781  1.18095E-002
     857.219  1.18046E-002
     857.687  1.18108E-002
     858.141  1.18136E-002
     858.672  1.18368E-002
     859.141  1.18149E-002
     859.625  1.18393E-002
     860.078  1.18623E-002
     860.578  1.18782E-002
     861.031  1.18468E-002
     861.484  1.18734E-002
     861.953  1.18687E-002
     862.562  1.19000E-002
     863.156  1.18801E-002
     863.625  1.19070E-002
     864.078  1.19179E-002
     864.531  1.19135E-002
     864.984  1.19274E-002
     865.437  1.19280E-002
     865.875  1.19585E-002
     866.328  1.19313E-002
     866.781  1.19653E-002
     867.219  1.19595E-002
     867.672  1.19614E-002
     868.109  1.19938E-002
     868.562  1.19658E-002
     869.016  1.20105E-002
     869.469  1.19906E-002
     869.906  1.20080E-002
     870.359  1.20071E-002
     870.812  1.20283E-002
     871.266  1.20265E-002
     871.719  1.20335E-002
     872.172  1.20400E-002
     872.625  1.20513E-002
     873.078  1.20557E-002
     873.547  1.20504E-002
     874.000  1.20939E-002
     874.453  1.20610E-002
     874.891  1.21030E-002
     875.344  1.20846E-002
     875.797  1.21054E-002
     876.234  1.21079E-002
     876.687  1.21171E-002
     877.156  1.21367E-002
     877.656  1.21352E-002
     878.141  1.21222E-002
     878.594  1.21645E-002
     879.047  1.21477E-002
     879.531  1.21493E-002
     880.000  1.21883E-002
     880.437  1.21602E-002
     880.906  1.21938E-002
     881.359  1.21724E-002
     881.812  1.22163E-002
     882.266  1.21918E-002
     882.719  1.22164E-002
     883.156  1.22138E-002
     883.609  1.22057E-002
     884.047  1.22327E-002
     884.500  1.22290E-002
     884.953  1.22374E-002
     885.391  1.22491E-002
     885.844  1.22551E-002
     886.297  1.22767E-002
     886.750  1.22529E-002
     887.203  1.22986E-002
     887.641  1.22662E-002
     888.094  1.23134E-002
     888.547  1.22915E-002
     888.984  1.23183E-002
     889.437  1.23129E-002
     889.891  1.23261E-002
     890.344  1.23195E-002
     890.797  1.23567E-002
     891.250  1.23493E-002
     891.703  1.23454E-002
     892.156  1.23702E-002
     892.609  1.23455E-002
     893.078  1.23616E-002
     893.859  1.23905E-002
     894.297  1.23970E-002
     894.750  1.23959E-002
     895.203  1.24207E-002
     895.641  1.23964E-002
     896.094  1.24367E-002
     896.547  1.24093E-002
     896.984  1.24516E-002
     897.437  1.24274E-002
     897.891  1.24516E-002
     898.344  1.24628E-002
     898.781  1.24732E-002
     899.234  1.24831E-002
     899.687  1.24600E-002
     900.125  1.24659E-002
     900.672  1.24948E-002
     901.109  1.24990E-002
     901.562  1.24983E-002
     902.016  1.25204E-002
     902.500  1.25265E-002
     902.969  1.25399E-002
     903.422  1.25259E-002
     904.297  1.25706E-002
     904.734  1.25432E-002
     905.187  1.25808E-002
     905.641  1.25676E-002
     906.094  1.25850E-002
     906.531  1.26023E-002
     906.984  1.25868E-002
     907.422  1.26200E-002
     907.875  1.26110E-002
     908.328  1.26193E-002
     908.781  1.26394E-002
     909.219  1.26332E-002
     909.656  1.26238E-002
     910.109  1.26684E-002
     910.562  1.26472E-002
     911.000  1.26716E-002
     911.453  1.26699E-002
     911.906  1.26696E-002
     912.359  1.26970E-002
     912.797  1.26766E-002
     913.250  1.26956E-002
     913.687  1.27034E-002
     914.141  1.26962E-002
     914.594  1.27360E-002
     915.047  1.27067E-002
     915.484  1.27366E-002
     915.937  1.27345E-002
     916.391  1.27323E-002
     916.828  1.27665E-002
     917.281  1.27429E-002
     917.734  1.27704E-002
     918.172  1.27718E-002
     918.625  1.27764E-002
     919.078  1.28064E-002
     919.516  1.27792E-002
     919.969  1.27882E-002
     920.406  1.28189E-002
     920.859  1.28005E-002
     921.312  1.28166E-002
     921.750  1.28290E-002
     922.203  1.28247E-002
     922.656  1.28631E-002
     923.094  1.28429E-002
     923.547  1.28628E-002
     924.000  1.28631E-002
     924.453  1.28704E-002
     924.891  1.28833E-002
     925.344  1.28838E-002
     925.797  1.28942E-002
     926.359  1.29070E-002
     926.812  1.29156E-002
     927.250  1.29282E-002
     927.703  1.29100E-002
     928.156  1.29461E-002
     928.594  1.29292E-002
     929.047  1.29451E-002
     929.500  1.29532E-002
     929.953  1.29434E-002
     930.391  1.29849E-002
     930.844  1.29803E-002
     931.281  1.29775E-002
     931.734  1.30019E-002
     932.187  1.29761E-002
     932.625  1.30082E-002
     933.078  1.29960E-002
     933.531  1.30107E-002
     933.984  1.30181E-002
     934.422  1.30272E-002
     934.875  1.30400E-002
     935.328  1.30246E-002
     935.781  1.30686E-002
     936.219  1.30380E-002
     936.672  1.30728E-002
     937.125  1.30635E-002
     937.562  1.30700E-002
     938.016  1.30915E-002
     938.469  1.30743E-002
     938.906  1.31104E-002
     939.359  1.31099E-002
     939.812  1.31007E-002
     940.250  1.31358E-002
     940.703  1.31178E-002
     941.156  1.31265E-002
     941.594  1.31349E-002
     942.047  1.31397E-002
     942.500  1.31604E-002
     942.953  1.31413E-002
     943.391  1.31699E-002
     943.844  1.31769E-002
     944.281  1.31603E-002
     944.734  1.32035E-002
     945.187  1.31721E-002
     945.641  1.32012E-002
     946.078  1.32128E-002
     946.531  1.31968E-002
     946.969  1.32318E-002
     947.422  1.32299E-002
     947.875  1.32219E-002
     948.312  1.32596E-002
     948.766  1.32285E-002
     949.219  1.32609E-002
     949.656  1.32625E-002
     950.109  1.32548E-002
     950.562  1.32959E-002
     951.000  1.32796E-002
     951.453  1.32985E-002
     951.906  1.33067E-002
     952.344  1.32864E-002
     952.797  1.33248E-002
     953.250  1.33137E-002
     953.687  1.33244E-002
     954.141  1.33519E-002
     954.594  1.33231E-002
     955.047  1.33703E-002
     955.484  1.33542E-002
     955.937  1.33723E-002
     956.391  1.33648E-002
     956.828  1.33656E-002
     957.281  1.33946E-002
     957.734  1.33706E-002
     958.187  1.34035E-002
     958.625  1.33830E-002
     959.078  1.34186E-002
     959.531  1.34234E-002
     959.969  1.34104E-002
     960.422  1.34268E-002
     960.859  1.34415E-002
     961.312  1.34282E-002
     961.766  1.34467E-002
     962.484  1.34826E-002
     962.937  1.34557E-002
     963.375  1.34880E-002
     964.141  1.34852E-002
     964.594  1.34982E-002
     965.031  1.34846E-002
     965.484  1.35273E-002
     965.937  1.35114E-002
     966.375  1.35176E-002
     966.828  1.35475E-002
     967.281  1.35224E-002
     967.719  1.35711E-002
     968.172  1.35645E-002
     968.812  1.35606E-002
     969.266  1.35664E-002
     969.719  1.35765E-002
     970.156  1.35801E-002
     970.609  1.35912E-002
     971.062  1.35882E-002
     971.516  1.36138E-002
     971.969  1.36080E-002
     972.406  1.36369E-002
     972.859  1.36073E-002
     973.312  1.36492E-002
     973.766  1.36245E-002
     974.203  1.36523E-002
     974.656  1.36518E-002
     975.109  1.36536E-002
     975.547  1.36835E-002
     976.000  1.36772E-002
     976.453  1.36899E-002
     976.906  1.36856E-002
     977.359  1.37010E-002
     977.812  1.37012E-002
     978.250  1.37149E-002
     978.703  1.37184E-002
     979.156  1.37275E-002
     979.609  1.37344E-002
     980.062  1.37484E-002
     980.516  1.37546E-002
     981.125  1.37494E-002
     981.578  1.37741E-002
     982.016  1.37647E-002
     982.469  1.37973E-002
     982.922  1.37899E-002
     983.375  1.37884E-002
     983.812  1.38199E-002
     984.266  1.38032E-002
     984.719  1.38329E-002
     985.172  1.38326E-002
     985.625  1.38211E-002
     986.078  1.38368E-002
     986.516  1.38390E-002
     986.969  1.38632E-002
     987.422  1.38355E-002
     987.875  1.38848E-002
     988.328  1.38543E-002
     988.781  1.38996E-002
     989.234  1.38655E-002
     989.672  1.38980E-002
     990.125  1.38774E-002
     990.578  1.39118E-002
     991.031  1.38931E-002
     991.484  1.39239E-002
     991.937  1.39233E-002
     992.375  1.39432E-002
     992.828  1.39353E-002
     993.281  1.39447E-002
     993.734  1.39447E-002
     994.187  1.39582E-002
     994.641  1.39625E-002
     995.078  1.39817E-002
     995.531  1.39729E-002
     995.984  1.39981E-002
     996.437  1.39970E-002
     996.891  1.39994E-002
     997.344  1.40248E-002
     997.781  1.40109E-002
     998.234  1.40257E-002
     998.687  1.40311E-002
     999.141  1.40379E-002
     999.594  1.40476E-002
    1000.031  1.40621E-002
    1000.484  1.40629E-002
    1000.937  1.40802E-002
    1001.391  1.40692E-002
    1001.844  1.40798E-002
    1002.281  1.40866E-002
    1002.734  1.40923E-002
    1003.187  1.41073E-002
    1003.641  1.41000E-002
    1004.078  1.41336E-002
    1004.531  1.41158E-002
    1004.984  1.41424E-002
    1005.437  1.41232E-002
    1005.875  1.41643E-002
    1006.328  1.41333E-002
    1006.781  1.41780E-002
    1007.234  1.41591E-002
    1007.687  1.41862E-002
    1008.141  1.41747E-002
    1008.578  1.41973E-002
    1009.031  1.41944E-002
    1009.484  1.42004E-002
    1009.937  1.42088E-002
    1010.391  1.42310E-002
    1010.828  1.42056E-002
    1011.281  1.42465E-002
    1011.734  1.42246E-002
    1012.187  1.42647E-002
    1012.641  1.42518E-002
    1013.078  1.42734E-002
    1013.531  1.42517E-002
    1013.984  1.42926E-002
    1014.437  1.42615E-002
    1014.875  1.43120E-002
    1015.328  1.42888E-002
    1015.781  1.43272E-002
    1016.234  1.43015E-002
    1016.687  1.43347E-002
    1017.125  1.43274E-002
    1017.578  1.43328E-002
    1018.031  1.43364E-002
    1018.484  1.43418E-002
    1018.922  1.43598E-002
    1019.375  1.43536E-002
    1019.828  1.43739E-002
    1020.281  1.43789E-002
    1020.719  1.43913E-002
    1021.172  1.43940E-002
    1021.609  1.43904E-002
    1022.062  1.44213E-002
    1022.516  1.44000E-002
    1022.953  1.44125E-002
    1023.406  1.44363E-002
    1023.859  1.44153E-002
    1024.297  1.44605E-002
    1024.750  1.44401E-002
    1025.203  1.44527E-002
    1025.641  1.44745E-002
    1026.094  1.44462E-002
    1026.547  1.44810E-002
    1026.984  1.44805E-002
    1027.422  1.44906E-002
    1027.875  1.44881E-002
    1028.328  1.45103E-002
    1028.781  1.44971E-002
    1029.219  1.45414E-002
    1029.672  1.45178E-002
    1030.125  1.45340E-002
    1030.562  1.45417E-002
    1031.016  1.45299E-002
    1031.469  1.45779E-002
    1031.906  1.45597E-002
    1032.359  1.45662E-002
    1032.812  1.45963E-002
    1033.250  1.45713E-002
    1033.703  1.46014E-002
    1034.156  1.45834E-002
    1034.609  1.46102E-002
    1035.047  1.46073E-002
    1035.500  1.46144E-002
    1035.953  1.46341E-002
    1036.391  1.46157E-002
    1036.844  1.46472E-002
    1037.297  1.46584E-002
    1037.734  1.46507E-002
    1038.187  1.46807E-002
    1038.641  1.46532E-002
    1039.078  1.46806E-002
    1039.531  1.46938E-002
    1039.984  1.46856E-002
    1040.437  1.47212E-002
    1040.875  1.47007E-002
    1041.328  1.47299E-002
    1041.781  1.47204E-002
    1042.219  1.47362E-002
    1042.672  1.47343E-002
    1043.125  1.47335E-002
    1043.578  1.47563E-002
    1044.016  1.47409E-002
    1044.469  1.47742E-002
    1044.922  1.47666E-002
    1045.359  1.47857E-002
    1045.812  1.48011E-002
    1046.266  1.47800E-002
    1046.703  1.48202E-002
    1047.156  1.47988E-002
    1047.609  1.48142E-002
    1048.047  1.48344E-002
    1048.500  1.48156E-002
    1048.953  1.48602E-002
    1049.406  1.48430E-002
    1049.844  1.48418E-002
    1050.297  1.48772E-002
    1050.734  1.48609E-002
    1051.187  1.48702E-002
    1051.641  1.49025E-002
    1052.078  1.48879E-002
    1052.531  1.48996E-002
    1052.984  1.49098E-002
    1053.422  1.49011E-002
    1053.891  1.49430E-002
    1054.344  1.49118E-002
    1054.797  1.49472E-002
    1055.234  1.49336E-002
    1055.687  1.49473E-002
    1057.266  1.49761E-002
    1057.734  1.49883E-002
    1058.172  1.49848E-002
    1058.625  1.49697E-002
    1059.078  1.50029E-002
    1059.516  1.49709E-002
    1059.969  1.49936E-002
    1060.422  1.49814E-002
    1060.859  1.49829E-002
    1061.312  1.50035E-002
    1061.766  1.49804E-002
