-12.001	     8
-11.99	     7
-11.979	     7
-11.968	     7
-11.957	     7
-11.946	     7
-11.935	     7
-11.924	     7
-11.913	     7
-11.902	     7
-11.891	     7
-11.88	     7
-11.869	     7
-11.858	     7
-11.847	     7
-11.836	     7
-11.825	     7
-11.814	     7
-11.803	     7
-11.792	     7
-11.781	     7
-11.77	     7
-11.759	     7
-11.748	     7
-11.737	     7
-11.726	     7
-11.715	     7
-11.704	     7
-11.693	     7
-11.682	     7
-11.671	     6
-11.66	     7
-11.649	     6
-11.638	     7
-11.627	     6
-11.616	     7
-11.605	     6
-11.594	     7
-11.583	     6
-11.572	     7
-11.561	     6
-11.55	     6
-11.539	     6
-11.528	     7
-11.517	     6
-11.506	     7
-11.495	     6
-11.484	     6
-11.473	     6
-11.462	     6
-11.451	     6
-11.44	     7
-11.429	     6
-11.418	     7
-11.407	     6
-11.396	     7
-11.385	     6
-11.374	     7
-11.363	     6
-11.352	     7
-11.341	     6
-11.33	     7
-11.319	     6
-11.308	     7
-11.297	     6
-11.286	     7
-11.275	     7
-11.264	     7
-11.253	     6
-11.242	     7
-11.231	     7
-11.22	     7
-11.209	     7
-11.198	     7
-11.187	     7
-11.176	     8
-11.165	     7
-11.154	     8
-11.143	     7
-11.132	     8
-11.121	     7
-11.11	     8
-11.099	     8
-11.088	     8
-11.077	     8
-11.066	     8
-11.055	     8
-11.044	     8
-11.033	     8
-11.022	     8
-11.011	     8
   -11	     9
-10.989	     8
-10.978	     9
-10.967	     8
-10.956	     8
-10.945	     8
-10.934	     8
-10.923	     8
-10.912	     9
-10.901	     7
-10.89	     8
-10.879	     8
-10.868	     8
-10.857	     8
-10.846	     8
-10.835	     8
-10.824	     8
-10.813	     7
-10.802	     8
-10.791	     7
-10.78	     7
-10.769	     7
-10.758	     7
-10.747	     7
-10.736	     7
-10.725	     7
-10.714	     7
-10.703	     7
-10.692	     7
-10.681	     6
-10.67	     7
-10.659	     6
-10.648	     7
-10.637	     6
-10.626	     7
-10.615	     6
-10.604	     7
-10.593	     6
-10.582	     7
-10.571	     6
-10.56	     7
-10.549	     6
-10.538	     7
-10.527	     6
-10.516	     7
-10.505	     6
-10.494	     7
-10.483	     6
-10.472	     7
-10.461	     6
-10.45	     7
-10.439	     6
-10.428	     7
-10.417	     6
-10.406	     6
-10.395	     6
-10.384	     6
-10.373	     6
-10.362	     6
-10.351	     6
-10.34	     6
-10.329	     6
-10.318	     6
-10.307	     6
-10.296	     7
-10.285	     6
-10.274	     7
-10.263	     6
-10.252	     7
-10.241	     6
-10.23	     6
-10.219	     6
-10.208	     7
-10.197	     6
-10.186	     7
-10.175	     6
-10.164	     7
-10.153	     6
-10.142	     6
-10.131	     6
-10.12	     7
-10.109	     6
-10.098	     7
-10.087	     6
-10.076	     7
-10.065	     6
-10.054	     7
-10.043	     6
-10.032	     7
-10.021	     6
-10.01	     7
-9.999	     6
-9.988	     7
-9.977	     6
-9.966	     7
-9.955	     6
-9.944	     7
-9.933	     6
-9.922	     7
-9.911	     7
  -9.9	     7
-9.889	     6
-9.878	     7
-9.867	     7
-9.856	     7
-9.845	     7
-9.834	     7
-9.823	     6
-9.812	     7
-9.801	     6
 -9.79	     7
-9.779	     6
-9.768	     7
-9.757	     6
-9.746	     7
-9.735	     6
-9.724	     7
-9.713	     6
-9.702	     7
-9.691	     6
 -9.68	     7
-9.669	     6
-9.658	     7
-9.647	     6
-9.636	     6
-9.625	     6
-9.614	     6
-9.603	     6
-9.592	     6
-9.581	     6
 -9.57	     7
-9.559	     6
-9.548	     6
-9.537	     5
-9.526	     6
-9.515	     6
-9.504	     7
-9.493	     5
-9.482	     7
-9.471	     6
 -9.46	     6
-9.449	     6
-9.438	     6
-9.427	     6
-9.416	     6
-9.405	     6
-9.394	     6
-9.383	     6
-9.372	     6
-9.361	     6
 -9.35	     6
-9.339	     6
-9.328	     6
-9.317	     5
-9.306	     6
-9.295	     6
-9.284	     6
-9.273	     5
-9.262	     6
-9.251	     6
 -9.24	     6
-9.229	     6
-9.218	     6
-9.207	     6
-9.196	     6
-9.185	     6
-9.174	     6
-9.163	     6
-9.152	     6
-9.141	     6
 -9.13	     6
-9.119	     6
-9.108	     6
-9.097	     6
-9.086	     6
-9.075	     6
-9.064	     6
-9.053	     5
-9.042	     6
-9.031	     5
 -9.02	     6
-9.009	     6
-8.998	     6
-8.987	     6
-8.976	     6
-8.965	     6
-8.954	     6
-8.943	     6
-8.932	     6
-8.921	     6
 -8.91	     6
-8.899	     6
-8.888	     6
-8.877	     6
-8.866	     6
-8.855	     6
-8.844	     6
-8.833	     5
-8.822	     6
-8.811	     6
  -8.8	     6
-8.789	     6
-8.778	     6
-8.767	     6
-8.756	     6
-8.745	     6
-8.734	     6
-8.723	     6
-8.712	     6
-8.701	     6
 -8.69	     6
-8.679	     6
-8.668	     6
-8.657	     6
-8.646	     6
-8.635	     6
-8.624	     6
-8.613	     5
-8.602	     7
-8.591	     6
 -8.58	     7
-8.569	     6
-8.558	     6
-8.547	     6
-8.536	     6
-8.525	     6
-8.514	     6
-8.503	     6
-8.492	     6
-8.481	     6
 -8.47	     6
-8.459	     6
-8.448	     6
-8.437	     6
-8.426	     6
-8.415	     6
-8.404	     6
-8.393	     6
-8.382	     6
-8.371	     6
 -8.36	     7
-8.349	     5
-8.338	     7
-8.327	     6
-8.316	     7
-8.305	     6
-8.294	     6
-8.283	     6
-8.272	     7
-8.261	     6
 -8.25	     7
-8.239	     6
-8.228	     7
-8.217	     6
-8.206	     7
-8.195	     6
-8.184	     7
-8.173	     6
-8.162	     7
-8.151	     6
 -8.14	     7
-8.129	     6
-8.118	     7
-8.107	     6
-8.096	     7
-8.085	     6
-8.074	     7
-8.063	     7
-8.052	     7
-8.041	     7
 -8.03	     7
-8.019	     7
-8.008	     7
-7.997	     7
-7.986	     7
-7.975	     7
-7.964	     7
-7.953	     7
-7.942	     7
-7.931	     7
 -7.92	     8
-7.909	     7
-7.898	     8
-7.887	     8
-7.876	     8
-7.865	     7
-7.854	     8
-7.843	     8
-7.832	     9
-7.821	     8
 -7.81	     9
-7.799	     8
-7.788	     8
-7.777	     8
-7.766	     8
-7.755	     8
-7.744	     9
-7.733	     8
-7.722	     9
-7.711	     8
  -7.7	     8
-7.689	     8
-7.678	     9
-7.667	     8
-7.656	     9
-7.645	     8
-7.634	     9
-7.623	     8
-7.612	     8
-7.601	     7
 -7.59	     8
-7.579	     7
-7.568	     8
-7.557	     7
-7.546	     8
-7.535	     7
-7.524	     7
-7.513	     7
-7.502	     7
-7.491	     7
 -7.48	     7
-7.469	     7
-7.458	     7
-7.447	     7
-7.436	     7
-7.425	     6
-7.414	     7
-7.403	     6
-7.392	     7
-7.381	     6
 -7.37	     7
-7.359	     6
-7.348	     7
-7.337	     6
-7.326	     7
-7.315	     7
-7.304	     7
-7.293	     7
-7.282	     7
-7.271	     7
 -7.26	     7
-7.249	     7
-7.238	     7
-7.227	     7
-7.216	     8
-7.205	     7
-7.194	     8
-7.183	     8
-7.172	     9
-7.161	     8
 -7.15	     9
-7.139	     8
-7.128	     9
-7.117	     9
-7.106	    10
-7.095	     9
-7.084	    10
-7.073	     9
-7.062	    10
-7.051	    10
 -7.04	    11
-7.029	    10
-7.018	    11
-7.007	    11
-6.996	    11
-6.985	    11
-6.974	    12
-6.963	    11
-6.952	    12
-6.941	    11
 -6.93	    12
-6.919	    12
-6.908	    12
-6.897	    12
-6.886	    13
-6.875	    12
-6.864	    13
-6.853	    12
-6.842	    13
-6.831	    12
 -6.82	    13
-6.809	    12
-6.798	    13
-6.787	    12
-6.776	    13
-6.765	    12
-6.754	    13
-6.743	    12
-6.732	    13
-6.721	    12
 -6.71	    13
-6.699	    12
-6.688	    13
-6.677	    12
-6.666	    13
-6.655	    12
-6.644	    12
-6.633	    11
-6.622	    12
-6.611	    11
  -6.6	    12
-6.589	    11
-6.578	    11
-6.567	    11
-6.556	    11
-6.545	    10
-6.534	    11
-6.523	    10
-6.512	    10
-6.501	    10
 -6.49	    10
-6.479	     9
-6.468	    10
-6.457	     9
-6.446	     9
-6.435	     8
-6.424	     9
-6.413	     8
-6.402	     9
-6.391	     8
 -6.38	     8
-6.369	     8
-6.358	     8
-6.347	     8
-6.336	     8
-6.325	     7
-6.314	     7
-6.303	     7
-6.292	     7
-6.281	     7
 -6.27	     7
-6.259	     7
-6.248	     7
-6.237	     7
-6.226	     8
-6.215	     7
-6.204	     8
-6.193	     7
-6.182	     8
-6.171	     8
 -6.16	     9
-6.149	     8
-6.138	     9
-6.127	     9
-6.116	     9
-6.105	     9
-6.094	    10
-6.083	    10
-6.072	    11
-6.061	    10
 -6.05	    11
-6.039	    11
-6.028	    11
-6.017	    11
-6.006	    12
-5.995	    12
-5.984	    13
-5.973	    12
-5.962	    13
-5.951	    13
 -5.94	    13
-5.929	    13
-5.918	    14
-5.907	    13
-5.896	    14
-5.885	    13
-5.874	    14
-5.863	    14
-5.852	    14
-5.841	    14
 -5.83	    14
-5.819	    14
-5.808	    14
-5.797	    14
-5.786	    15
-5.775	    14
-5.764	    14
-5.753	    13
-5.742	    14
-5.731	    13
 -5.72	    14
-5.709	    13
-5.698	    14
-5.687	    13
-5.676	    14
-5.665	    13
-5.654	    13
-5.643	    13
-5.632	    13
-5.621	    13
 -5.61	    13
-5.599	    12
-5.588	    12
-5.577	    12
-5.566	    12
-5.555	    12
-5.544	    12
-5.533	    11
-5.522	    12
-5.511	    10
  -5.5	    11
-5.489	    10
-5.478	    11
-5.467	    10
-5.456	    10
-5.445	     9
-5.434	    10
-5.423	     9
-5.412	     9
-5.401	     8
 -5.39	     9
-5.379	     8
-5.368	     9
-5.357	     8
-5.346	     8
-5.335	     8
-5.324	     8
-5.313	     7
-5.302	     8
-5.291	     7
 -5.28	     8
-5.269	     7
-5.258	     7
-5.247	     7
-5.236	     7
-5.225	     7
-5.214	     7
-5.203	     7
-5.192	     7
-5.181	     7
 -5.17	     7
-5.159	     7
-5.148	     7
-5.137	     7
-5.126	     7
-5.115	     7
-5.104	     8
-5.093	     7
-5.082	     8
-5.071	     8
 -5.06	     8
-5.049	     8
-5.038	     8
-5.027	     8
-5.016	     9
-5.005	     8
-4.994	     9
-4.983	     9
-4.972	     9
-4.961	     9
 -4.95	    10
-4.939	     9
-4.928	    10
-4.917	     9
-4.906	    10
-4.895	    10
-4.884	    10
-4.873	    10
-4.862	    10
-4.851	    10
 -4.84	    11
-4.829	    10
-4.818	    11
-4.807	    10
-4.796	    11
-4.785	    10
-4.774	    10
-4.763	    10
-4.752	    11
-4.741	     9
 -4.73	    10
-4.719	    10
-4.708	    10
-4.697	     9
-4.686	    10
-4.675	     9
-4.664	    10
-4.653	     9
-4.642	     9
-4.631	     9
 -4.62	     9
-4.609	     9
-4.598	     9
-4.587	     8
-4.576	     9
-4.565	     8
-4.554	     9
-4.543	     8
-4.532	     9
-4.521	     8
 -4.51	     8
-4.499	     8
-4.488	     8
-4.477	     7
-4.466	     8
-4.455	     7
-4.444	     8
-4.433	     7
-4.422	     7
-4.411	     7
  -4.4	     7
-4.389	     7
-4.378	     7
-4.367	     7
-4.356	     7
-4.345	     7
-4.334	     7
-4.323	     7
-4.312	     7
-4.301	     6
 -4.29	     7
-4.279	     7
-4.268	     7
-4.257	     6
-4.246	     7
-4.235	     7
-4.224	     7
-4.213	     6
-4.202	     7
-4.191	     6
 -4.18	     7
-4.169	     6
-4.158	     7
-4.147	     6
-4.136	     7
-4.125	     6
-4.114	     7
-4.103	     6
-4.092	     7
-4.081	     6
 -4.07	     7
-4.059	     6
-4.048	     7
-4.037	     6
-4.026	     7
-4.015	     6
-4.004	     7
-3.993	     6
-3.982	     6
-3.971	     6
 -3.96	     7
-3.949	     6
-3.938	     7
-3.927	     6
-3.916	     7
-3.905	     6
-3.894	     6
-3.883	     6
-3.872	     7
-3.861	     6
 -3.85	     7
-3.839	     6
-3.828	     7
-3.817	     6
-3.806	     7
-3.795	     6
-3.784	     7
-3.773	     6
-3.762	     7
-3.751	     6
 -3.74	     6
-3.729	     6
-3.718	     7
-3.707	     6
-3.696	     7
-3.685	     6
-3.674	     7
-3.663	     6
-3.652	     7
-3.641	     6
 -3.63	     7
-3.619	     6
-3.608	     7
-3.597	     6
-3.586	     7
-3.575	     6
-3.564	     7
-3.553	     6
-3.542	     7
-3.531	     6
 -3.52	     7
-3.509	     6
-3.498	     7
-3.487	     7
-3.476	     7
-3.465	     6
-3.454	     7
-3.443	     6
-3.432	     7
-3.421	     6
 -3.41	     7
-3.399	     6
-3.388	     7
-3.377	     6
-3.366	     7
-3.355	     6
-3.344	     7
-3.333	     6
-3.322	     7
-3.311	     7
  -3.3	     7
-3.289	     6
-3.278	     7
-3.267	     7
-3.256	     7
-3.245	     7
-3.234	     7
-3.223	     7
-3.212	     7
-3.201	     7
 -3.19	     7
-3.179	     7
-3.168	     7
-3.157	     6
-3.146	     7
-3.135	     7
-3.124	     7
-3.113	     7
-3.102	     8
-3.091	     7
 -3.08	     8
-3.069	     7
-3.058	     8
-3.047	     8
-3.036	     8
-3.025	     8
-3.014	     8
-3.003	     8
-2.992	     9
-2.981	     9
 -2.97	    10
-2.959	     9
-2.948	    10
-2.937	     9
-2.926	    10
-2.915	    10
-2.904	    11
-2.893	    11
-2.882	    12
-2.871	    11
 -2.86	    12
-2.849	    11
-2.838	    12
-2.827	    12
-2.816	    13
-2.805	    13
-2.794	    13
-2.783	    14
-2.772	    14
-2.761	    14
 -2.75	    15
-2.739	    15
-2.728	    15
-2.717	    15
-2.706	    16
-2.695	    16
-2.684	    17
-2.673	    16
-2.662	    17
-2.651	    17
 -2.64	    18
-2.629	    18
-2.618	    19
-2.607	    18
-2.596	    19
-2.585	    18
-2.574	    19
-2.563	    19
-2.552	    19
-2.541	    19
 -2.53	    19
-2.519	    19
-2.508	    19
-2.497	    18
-2.486	    19
-2.475	    18
-2.464	    18
-2.453	    17
-2.442	    18
-2.431	    16
 -2.42	    17
-2.409	    15
-2.398	    15
-2.387	    14
-2.376	    15
-2.365	    13
-2.354	    14
-2.343	    13
-2.332	    13
-2.321	    12
 -2.31	    12
-2.299	    12
-2.288	    12
-2.277	    11
-2.266	    11
-2.255	    11
-2.244	    11
-2.233	    11
-2.222	    11
-2.211	    11
  -2.2	    11
-2.189	    11
-2.178	    12
-2.167	    11
-2.156	    12
-2.145	    12
-2.134	    13
-2.123	    13
-2.112	    14
-2.101	    14
 -2.09	    15
-2.079	    16
-2.068	    17
-2.057	    17
-2.046	    18
-2.035	    19
-2.024	    20
-2.013	    21
-2.002	    23
-1.991	    23
 -1.98	    24
-1.969	    24
-1.958	    25
-1.947	    25
-1.936	    27
-1.925	    27
-1.914	    29
-1.903	    30
-1.892	    31
-1.881	    32
 -1.87	    34
-1.859	    35
-1.848	    37
-1.837	    37
-1.826	    39
-1.815	    40
-1.804	    41
-1.793	    42
-1.782	    44
-1.771	    45
 -1.76	    47
-1.749	    47
-1.738	    49
-1.727	    49
-1.716	    50
-1.705	    50
-1.694	    52
-1.683	    52
-1.672	    54
-1.661	    54
 -1.65	    55
-1.639	    55
-1.628	    56
-1.617	    56
-1.606	    57
-1.595	    57
-1.584	    57
-1.573	    57
-1.562	    59
-1.551	    58
 -1.54	    58
-1.529	    58
-1.518	    58
-1.507	    57
-1.496	    57
-1.485	    56
-1.474	    57
-1.463	    54
-1.452	    55
-1.441	    53
 -1.43	    53
-1.419	    51
-1.408	    50
-1.397	    48
-1.386	    46
-1.375	    44
-1.364	    43
-1.353	    41
-1.342	    39
-1.331	    37
 -1.32	    36
-1.309	    33
-1.298	    33
-1.287	    30
-1.276	    29
-1.265	    26
-1.254	    26
-1.243	    24
-1.232	    23
-1.221	    22
 -1.21	    22
-1.199	    20
-1.188	    20
-1.177	    19
-1.166	    20
-1.155	    20
-1.144	    21
-1.133	    21
-1.122	    22
-1.111	    23
  -1.1	    24
-1.089	    26
-1.078	    27
-1.067	    29
-1.056	    31
-1.045	    33
-1.034	    35
-1.023	    37
-1.012	    40
-1.001	    42
 -0.99	    45
-0.979	    47
-0.968	    51
-0.957	    53
-0.946	    56
-0.935	    59
-0.924	    61
-0.913	    65
-0.902	    68
-0.891	    71
 -0.88	    74
-0.869	    77
-0.858	    80
-0.847	    83
-0.836	    85
-0.825	    86
-0.814	    89
-0.803	    90
-0.792	    91
-0.781	    92
 -0.77	    95
-0.759	    96
-0.748	    99
-0.737	    99
-0.726	   101
-0.715	   102
-0.704	   105
-0.693	   105
-0.682	   108
-0.671	   110
 -0.66	   112
-0.649	   112
-0.638	   114
-0.627	   115
-0.616	   116
-0.605	   116
-0.594	   118
-0.583	   117
-0.572	   118
-0.561	   116
 -0.55	   118
-0.539	   116
-0.528	   117
-0.517	   115
-0.506	   115
-0.495	   113
-0.484	   113
-0.473	   111
-0.462	   111
-0.451	   108
 -0.44	   108
-0.429	   105
-0.418	   103
-0.407	   102
-0.396	   101
-0.385	    99
-0.374	    97
-0.363	    95
-0.352	    93
-0.341	    90
 -0.33	    88
-0.319	    84
-0.308	    83
-0.297	    80
-0.286	    79
-0.275	    75
-0.264	    73
-0.253	    69
-0.242	    67
-0.231	    63
 -0.22	    59
-0.209	    55
-0.198	    52
-0.187	    48
-0.176	    46
-0.165	    42
-0.154	    41
-0.143	    37
-0.132	    36
-0.121	    33
 -0.11	    33
-0.099	    31
-0.088	    31
-0.077	    30
-0.066	    31
-0.055	    32
-0.044	    34
-0.033	    35
-0.022	    38
-0.011	    41
     0	    44
 0.011	    47
 0.022	    51
 0.033	    55
 0.044	    59
 0.055	    64
 0.066	    68
 0.077	    73
 0.088	    78
 0.099	    81
  0.11	    87
 0.121	    92
 0.132	    97
 0.143	   102
 0.154	   107
 0.165	   112
 0.176	   117
 0.187	   121
 0.198	   126
 0.209	   130
  0.22	   136
 0.231	   140
 0.242	   141
 0.253	   145
 0.264	   147
 0.275	   150
 0.286	   154
 0.297	   156
 0.308	   159
 0.319	   161
  0.33	   163
 0.341	   165
 0.352	   166
 0.363	   166
 0.374	   168
 0.385	   168
 0.396	   169
 0.407	   167
 0.418	   169
 0.429	   168
  0.44	   167
 0.451	   166
 0.462	   167
 0.473	   165
 0.484	   165
 0.495	   164
 0.506	   163
 0.517	   160
 0.528	   159
 0.539	   157
  0.55	   155
 0.561	   153
 0.572	   151
 0.583	   147
 0.594	   146
 0.605	   141
 0.616	   139
 0.627	   135
 0.638	   132
 0.649	   127
  0.66	   125
 0.671	   120
 0.682	   116
 0.693	   112
 0.704	   108
 0.715	   104
 0.726	   101
 0.737	    97
 0.748	    93
 0.759	    90
  0.77	    85
 0.781	    81
 0.792	    79
 0.803	    74
 0.814	    72
 0.825	    69
 0.836	    66
 0.847	    62
 0.858	    59
 0.869	    56
  0.88	    55
 0.891	    51
 0.902	    50
 0.913	    47
 0.924	    46
 0.935	    44
 0.946	    43
 0.957	    41
 0.968	    41
 0.979	    39
  0.99	    39
 1.001	    39
 1.012	    39
 1.023	    40
 1.034	    41
 1.045	    43
 1.056	    45
 1.067	    47
 1.078	    51
 1.089	    55
   1.1	    59
 1.111	    63
 1.122	    68
 1.133	    74
 1.144	    80
 1.155	    85
 1.166	    92
 1.177	    99
 1.188	   105
 1.199	   112
  1.21	   119
 1.221	   124
 1.232	   131
 1.243	   137
 1.254	   143
 1.265	   148
 1.276	   153
 1.287	   159
 1.298	   163
 1.309	   168
  1.32	   172
 1.331	   176
 1.342	   179
 1.353	   183
 1.364	   183
 1.375	   187
 1.386	   189
 1.397	   189
 1.408	   190
 1.419	   190
  1.43	   190
 1.441	   190
 1.452	   188
 1.463	   189
 1.474	   187
 1.485	   185
 1.496	   184
 1.507	   182
 1.518	   179
 1.529	   175
  1.54	   173
 1.551	   168
 1.562	   167
 1.573	   161
 1.584	   159
 1.595	   153
 1.606	   150
 1.617	   144
 1.628	   141
 1.639	   135
  1.65	   132
 1.661	   128
 1.672	   124
 1.683	   120
 1.694	   117
 1.705	   115
 1.716	   112
 1.727	   109
 1.738	   107
 1.749	   102
  1.76	   100
 1.771	    95
 1.782	    92
 1.793	    88
 1.804	    85
 1.815	    81
 1.826	    79
 1.837	    75
 1.848	    72
 1.859	    68
  1.87	    68
 1.881	    63
 1.892	    62
 1.903	    58
 1.914	    56
 1.925	    52
 1.936	    50
 1.947	    46
 1.958	    44
 1.969	    42
  1.98	    41
 1.991	    40
 2.002	    40
 2.013	    39
 2.024	    39
 2.035	    39
 2.046	    39
 2.057	    39
 2.068	    40
 2.079	    40
  2.09	    42
 2.101	    43
 2.112	    45
 2.123	    47
 2.134	    49
 2.145	    51
 2.156	    54
 2.167	    57
 2.178	    60
 2.189	    63
   2.2	    68
 2.211	    72
 2.222	    78
 2.233	    84
 2.244	    89
 2.255	    94
 2.266	   101
 2.277	   106
 2.288	   111
 2.299	   117
  2.31	   123
 2.321	   127
 2.332	   134
 2.343	   138
 2.354	   143
 2.365	   147
 2.376	   151
 2.387	   155
 2.398	   158
 2.409	   161
  2.42	   164
 2.431	   164
 2.442	   166
 2.453	   167
 2.464	   169
 2.475	   168
 2.486	   169
 2.497	   167
 2.508	   167
 2.519	   165
  2.53	   164
 2.541	   161
 2.552	   159
 2.563	   156
 2.574	   154
 2.585	   149
 2.596	   147
 2.607	   142
 2.618	   139
 2.629	   133
  2.64	   131
 2.651	   125
 2.662	   121
 2.673	   116
 2.684	   112
 2.695	   106
 2.706	   103
 2.717	    97
 2.728	    93
 2.739	    87
  2.75	    84
 2.761	    79
 2.772	    76
 2.783	    71
 2.794	    68
 2.805	    63
 2.816	    61
 2.827	    56
 2.838	    54
 2.849	    50
  2.86	    47
 2.871	    44
 2.882	    43
 2.893	    40
 2.904	    39
 2.915	    38
 2.926	    37
 2.937	    35
 2.948	    35
 2.959	    33
  2.97	    33
 2.981	    32
 2.992	    33
 3.003	    31
 3.014	    31
 3.025	    31
 3.036	    31
 3.047	    31
 3.058	    33
 3.069	    33
  3.08	    35
 3.091	    35
 3.102	    37
 3.113	    38
 3.124	    40
 3.135	    42
 3.146	    44
 3.157	    46
 3.168	    49
 3.179	    50
  3.19	    54
 3.201	    55
 3.212	    59
 3.223	    60
 3.234	    63
 3.245	    65
 3.256	    69
 3.267	    71
 3.278	    75
 3.289	    77
   3.3	    80
 3.311	    83
 3.322	    86
 3.333	    87
 3.344	    89
 3.355	    92
 3.366	    94
 3.377	    96
 3.388	    98
 3.399	   100
  3.41	   103
 3.421	   105
 3.432	   107
 3.443	   109
 3.454	   111
 3.465	   112
 3.476	   114
 3.487	   114
 3.498	   116
 3.509	   116
  3.52	   116
 3.531	   115
 3.542	   116
 3.553	   115
 3.564	   114
 3.575	   111
 3.586	   110
 3.597	   108
 3.608	   105
 3.619	   103
  3.63	   101
 3.641	    97
 3.652	    95
 3.663	    91
 3.674	    88
 3.685	    84
 3.696	    82
 3.707	    77
 3.718	    75
 3.729	    70
  3.74	    68
 3.751	    63
 3.762	    61
 3.773	    57
 3.784	    55
 3.795	    51
 3.806	    49
 3.817	    44
 3.828	    42
 3.839	    39
  3.85	    37
 3.861	    34
 3.872	    33
 3.883	    30
 3.894	    29
 3.905	    26
 3.916	    26
 3.927	    24
 3.938	    23
 3.949	    22
  3.96	    22
 3.971	    20
 3.982	    21
 3.993	    20
 4.004	    21
 4.015	    20
 4.026	    21
 4.037	    21
 4.048	    22
 4.059	    22
  4.07	    23
 4.081	    23
 4.092	    24
 4.103	    24
 4.114	    26
 4.125	    26
 4.136	    28
 4.147	    28
 4.158	    29
 4.169	    29
  4.18	    31
 4.191	    31
 4.202	    33
 4.213	    33
 4.224	    35
 4.235	    36
 4.246	    38
 4.257	    38
 4.268	    40
 4.279	    41
  4.29	    43
 4.301	    44
 4.312	    46
 4.323	    46
 4.334	    48
 4.345	    49
 4.356	    50
 4.367	    51
 4.378	    52
 4.389	    53
   4.4	    54
 4.411	    54
 4.422	    55
 4.433	    55
 4.444	    57
 4.455	    56
 4.466	    57
 4.477	    57
 4.488	    58
 4.499	    58
  4.51	    59
 4.521	    58
 4.532	    59
 4.543	    58
 4.554	    58
 4.565	    58
 4.576	    58
 4.587	    57
 4.598	    58
 4.609	    57
  4.62	    57
 4.631	    55
 4.642	    55
 4.653	    54
 4.664	    54
 4.675	    51
 4.686	    51
 4.697	    49
 4.708	    48
 4.719	    46
  4.73	    45
 4.741	    43
 4.752	    42
 4.763	    39
 4.774	    38
 4.785	    36
 4.796	    34
 4.807	    32
 4.818	    31
 4.829	    29
  4.84	    28
 4.851	    25
 4.862	    25
 4.873	    23
 4.884	    22
 4.895	    20
 4.906	    20
 4.917	    18
 4.928	    18
 4.939	    15
  4.95	    16
 4.961	    14
 4.972	    14
 4.983	    13
 4.994	    13
 5.005	    12
 5.016	    12
 5.027	    11
 5.038	    12
 5.049	    11
  5.06	    11
 5.071	    11
 5.082	    11
 5.093	    11
 5.104	    11
 5.115	    11
 5.126	    12
 5.137	    12
 5.148	    13
 5.159	    12
  5.17	    13
 5.181	    13
 5.192	    14
 5.203	    13
 5.214	    15
 5.225	    14
 5.236	    15
 5.247	    15
 5.258	    15
 5.269	    16
  5.28	    17
 5.291	    16
 5.302	    17
 5.313	    17
 5.324	    18
 5.335	    17
 5.346	    18
 5.357	    18
 5.368	    19
 5.379	    18
  5.39	    19
 5.401	    18
 5.412	    19
 5.423	    18
 5.434	    19
 5.445	    19
 5.456	    19
 5.467	    19
 5.478	    19
 5.489	    19
   5.5	    19
 5.511	    19
 5.522	    19
 5.533	    19
 5.544	    19
 5.555	    18
 5.566	    19
 5.577	    18
 5.588	    19
 5.599	    18
  5.61	    19
 5.621	    17
 5.632	    18
 5.643	    17
 5.654	    18
 5.665	    17
 5.676	    17
 5.687	    16
 5.698	    17
 5.709	    16
  5.72	    16
 5.731	    15
 5.742	    15
 5.753	    15
 5.764	    15
 5.775	    14
 5.786	    14
 5.797	    14
 5.808	    14
 5.819	    13
  5.83	    14
 5.841	    12
 5.852	    13
 5.863	    11
 5.874	    12
 5.885	    11
 5.896	    11
 5.907	    10
 5.918	    11
 5.929	    10
  5.94	    10
 5.951	     9
 5.962	     9
 5.973	     8
 5.984	     9
 5.995	     8
 6.006	     8
 6.017	     8
 6.028	     7
 6.039	     7
  6.05	     7
 6.061	     7
 6.072	     7
 6.083	     6
 6.094	     7
 6.105	     6
 6.116	     7
 6.127	     6
 6.138	     7
 6.149	     6
  6.16	     7
 6.171	     6
 6.182	     7
 6.193	     6
 6.204	     7
 6.215	     6
 6.226	     7
 6.237	     7
 6.248	     7
 6.259	     6
  6.27	     7
 6.281	     6
 6.292	     7
 6.303	     6
 6.314	     7
 6.325	     6
 6.336	     7
 6.347	     6
 6.358	     7
 6.369	     6
  6.38	     7
 6.391	     6
 6.402	     7
 6.413	     6
 6.424	     7
 6.435	     6
 6.446	     7
 6.457	     6
 6.468	     7
 6.479	     6
  6.49	     7
 6.501	     6
 6.512	     7
 6.523	     6
 6.534	     7
 6.545	     6
 6.556	     7
 6.567	     6
 6.578	     7
 6.589	     6
   6.6	     7
 6.611	     6
 6.622	     7
 6.633	     6
 6.644	     6
 6.655	     6
 6.666	     6
 6.677	     6
 6.688	     7
 6.699	     6
  6.71	     6
 6.721	     6
 6.732	     7
 6.743	     6
 6.754	     6
 6.765	     6
 6.776	     7
 6.787	     6
 6.798	     7
 6.809	     6
  6.82	     7
 6.831	     6
 6.842	     6
 6.853	     6
 6.864	     7
 6.875	     6
 6.886	     7
 6.897	     6
 6.908	     6
 6.919	     6
  6.93	     6
 6.941	     6
 6.952	     7
 6.963	     6
 6.974	     7
 6.985	     6
 6.996	     6
 7.007	     6
 7.018	     7
 7.029	     6
  7.04	     7
 7.051	     6
 7.062	     7
 7.073	     6
 7.084	     7
 7.095	     6
 7.106	     6
 7.117	     6
 7.128	     7
 7.139	     6
  7.15	     7
 7.161	     6
 7.172	     6
 7.183	     6
 7.194	     6
 7.205	     6
 7.216	     7
 7.227	     6
 7.238	     7
 7.249	     6
  7.26	     7
 7.271	     6
 7.282	     7
 7.293	     6
 7.304	     7
 7.315	     6
 7.326	     7
 7.337	     7
 7.348	     7
 7.359	     7
  7.37	     7
 7.381	     7
 7.392	     7
 7.403	     7
 7.414	     8
 7.425	     8
 7.436	     8
 7.447	     8
 7.458	     8
 7.469	     8
  7.48	     9
 7.491	     8
 7.502	     9
 7.513	     9
 7.524	     9
 7.535	     9
 7.546	    10
 7.557	     9
 7.568	    10
 7.579	     9
  7.59	    10
 7.601	     9
 7.612	    10
 7.623	    10
 7.634	    10
 7.645	    10
 7.656	    10
 7.667	    10
 7.678	    10
 7.689	    10
   7.7	    10
 7.711	     9
 7.722	    10
 7.733	    10
 7.744	    10
 7.755	     9
 7.766	    11
 7.777	     9
 7.788	    10
 7.799	     9
  7.81	    10
 7.821	     9
 7.832	    10
 7.843	     9
 7.854	    10
 7.865	     9
 7.876	     9
 7.887	     9
 7.898	     9
 7.909	     9
  7.92	     9
 7.931	     8
 7.942	     9
 7.953	     8
 7.964	     9
 7.975	     8
 7.986	     9
 7.997	     8
 8.008	     9
 8.019	     8
  8.03	     9
 8.041	     8
 8.052	     8
 8.063	     8
 8.074	     8
 8.085	     7
 8.096	     8
 8.107	     7
 8.118	     7
 8.129	     7
  8.14	     7
 8.151	     7
 8.162	     7
 8.173	     7
 8.184	     7
 8.195	     7
 8.206	     7
 8.217	     7
 8.228	     7
 8.239	     7
  8.25	     7
 8.261	     7
 8.272	     7
 8.283	     7
 8.294	     8
 8.305	     7
 8.316	     7
 8.327	     7
 8.338	     8
 8.349	     8
  8.36	     8
 8.371	     8
 8.382	     9
 8.393	     9
 8.404	     9
 8.415	     9
 8.426	    10
 8.437	     9
 8.448	    11
 8.459	    10
  8.47	    11
 8.481	    11
 8.492	    11
 8.503	    11
 8.514	    12
 8.525	    12
 8.536	    13
 8.547	    12
 8.558	    13
 8.569	    13
  8.58	    13
 8.591	    13
 8.602	    13
 8.613	    14
 8.624	    14
 8.635	    14
 8.646	    14
 8.657	    14
 8.668	    14
 8.679	    13
  8.69	    14
 8.701	    14
 8.712	    14
 8.723	    13
 8.734	    14
 8.745	    13
 8.756	    14
 8.767	    13
 8.778	    13
 8.789	    13
   8.8	    13
 8.811	    12
 8.822	    13
 8.833	    12
 8.844	    12
 8.855	    12
 8.866	    12
 8.877	    11
 8.888	    11
 8.899	    11
  8.91	    11
 8.921	    10
 8.932	    11
 8.943	     9
 8.954	    10
 8.965	     9
 8.976	    10
 8.987	     9
 8.998	     9
 9.009	     9
  9.02	     9
 9.031	     8
 9.042	     8
 9.053	     8
 9.064	     8
 9.075	     8
 9.086	     8
 9.097	     8
 9.108	     8
 9.119	     7
  9.13	     8
 9.141	     7
 9.152	     8
 9.163	     7
 9.174	     8
 9.185	     7
 9.196	     7
 9.207	     7
 9.218	     7
 9.229	     7
  9.24	     7
 9.251	     7
 9.262	     7
 9.273	     7
 9.284	     7
 9.295	     7
 9.306	     7
 9.317	     8
 9.328	     8
 9.339	     8
  9.35	     8
 9.361	     8
 9.372	     9
 9.383	     8
 9.394	     9
 9.405	     8
 9.416	     9
 9.427	     8
 9.438	    10
 9.449	     9
  9.46	    10
 9.471	     9
 9.482	    10
 9.493	    10
 9.504	    11
 9.515	    10
 9.526	    11
 9.537	    11
 9.548	    11
 9.559	    11
  9.57	    11
 9.581	    11
 9.592	    12
 9.603	    12
 9.614	    12
 9.625	    12
 9.636	    12
 9.647	    12
 9.658	    13
 9.669	    12
  9.68	    13
 9.691	    12
 9.702	    13
 9.713	    12
 9.724	    13
 9.735	    12
 9.746	    13
 9.757	    12
 9.768	    13
 9.779	    12
  9.79	    12
 9.801	    12
 9.812	    12
 9.823	    11
 9.834	    11
 9.845	    11
 9.856	    11
 9.867	    10
 9.878	    11
 9.889	    10
   9.9	    11
 9.911	     9
 9.922	    10
 9.933	     9
 9.944	     9
 9.955	     9
 9.966	     9
 9.977	     8
 9.988	     8
 9.999	     8
 10.01	     8
10.021	     8
10.032	     8
10.043	     7
10.054	     8
10.065	     7
10.076	     7
10.087	     7
10.098	     7
10.109	     7
 10.12	     7
10.131	     6
10.142	     7
10.153	     6
10.164	     7
10.175	     6
10.186	     7
10.197	     6
10.208	     7
10.219	     6
 10.23	     7
10.241	     7
10.252	     7
10.263	     6
10.274	     7
10.285	     7
10.296	     7
10.307	     6
10.318	     7
10.329	     7
 10.34	     7
10.351	     7
10.362	     7
10.373	     7
10.384	     7
10.395	     7
10.406	     7
10.417	     7
10.428	     7
10.439	     7
 10.45	     7
10.461	     7
10.472	     7
10.483	     7
10.494	     8
10.505	     7
10.516	     8
10.527	     7
10.538	     8
10.549	     8
 10.56	     8
10.571	     8
10.582	     9
10.593	     8
10.604	     8
10.615	     7
10.626	     8
10.637	     8
10.648	     9
10.659	     8
 10.67	     9
10.681	     8
10.692	     8
10.703	     8
10.714	     8
10.725	     8
10.736	     9
10.747	     8
10.758	     9
10.769	     8
 10.78	     8
10.791	     8
10.802	     8
10.813	     8
10.824	     9
10.835	     7
10.846	     8
10.857	     7
10.868	     8
10.879	     7
 10.89	     8
10.901	     7
10.912	     7
10.923	     7
10.934	     7
10.945	     7
10.956	     7
10.967	     7
10.978	     7
10.989	     7
    11	     7
11.011	     6
11.022	     7
11.033	     6
11.044	     7
11.055	     6
11.066	     7
11.077	     6
11.088	     7
11.099	     6
 11.11	     7
11.121	     6
11.132	     6
11.143	     6
11.154	     6
11.165	     6
11.176	     6
11.187	     6
11.198	     6
11.209	     6
 11.22	     6
11.231	     6
11.242	     6
11.253	     6
11.264	     6
11.275	     5
11.286	     7
11.297	     6
11.308	     6
11.319	     5
 11.33	     6
11.341	     6
11.352	     6
11.363	     6
11.374	     6
11.385	     6
11.396	     6
11.407	     6
11.418	     6
11.429	     6
 11.44	     6
11.451	     6
11.462	     6
11.473	     6
11.484	     6
11.495	     6
11.506	     6
11.517	     6
11.528	     7
11.539	     5
 11.55	     6
11.561	     6
11.572	     6
11.583	     5
11.594	     6
11.605	     6
11.616	     6
11.627	     6
11.638	     6
11.649	     6
 11.66	     6
11.671	     6
11.682	     6
11.693	     6
11.704	     6
11.715	     5
11.726	     6
11.737	     5
11.748	     6
11.759	     5
 11.77	     6
11.781	     6
11.792	     6
11.803	     5
11.814	     6
11.825	     6
11.836	     6
11.847	     6
11.858	     6
11.869	     6
 11.88	     6
11.891	     6
11.902	     6
11.913	     6
11.924	     6
11.935	     6
11.946	     6
11.957	     6
11.968	     6
11.979	     5
 11.99	     6
