-12.001	     7
-11.99	     7
-11.979	     6
-11.968	     7
-11.957	     6
-11.946	     6
-11.935	     6
-11.924	     6
-11.913	     6
-11.902	     6
-11.891	     6
-11.88	     7
-11.869	     6
-11.858	     6
-11.847	     6
-11.836	     6
-11.825	     6
-11.814	     7
-11.803	     6
-11.792	     7
-11.781	     6
-11.77	     7
-11.759	     6
-11.748	     6
-11.737	     6
-11.726	     7
-11.715	     6
-11.704	     7
-11.693	     6
-11.682	     6
-11.671	     6
-11.66	     6
-11.649	     6
-11.638	     6
-11.627	     6
-11.616	     6
-11.605	     6
-11.594	     6
-11.583	     6
-11.572	     7
-11.561	     6
-11.55	     7
-11.539	     5
-11.528	     7
-11.517	     6
-11.506	     6
-11.495	     6
-11.484	     6
-11.473	     6
-11.462	     6
-11.451	     6
-11.44	     6
-11.429	     6
-11.418	     6
-11.407	     6
-11.396	     6
-11.385	     6
-11.374	     6
-11.363	     6
-11.352	     7
-11.341	     6
-11.33	     6
-11.319	     6
-11.308	     6
-11.297	     6
-11.286	     7
-11.275	     6
-11.264	     6
-11.253	     6
-11.242	     6
-11.231	     6
-11.22	     6
-11.209	     6
-11.198	     6
-11.187	     6
-11.176	     6
-11.165	     6
-11.154	     6
-11.143	     6
-11.132	     6
-11.121	     6
-11.11	     6
-11.099	     6
-11.088	     7
-11.077	     6
-11.066	     6
-11.055	     5
-11.044	     6
-11.033	     6
-11.022	     6
-11.011	     6
   -11	     6
-10.989	     6
-10.978	     6
-10.967	     6
-10.956	     6
-10.945	     6
-10.934	     6
-10.923	     6
-10.912	     7
-10.901	     6
-10.89	     6
-10.879	     5
-10.868	     6
-10.857	     6
-10.846	     6
-10.835	     5
-10.824	     6
-10.813	     6
-10.802	     6
-10.791	     6
-10.78	     6
-10.769	     6
-10.758	     6
-10.747	     6
-10.736	     6
-10.725	     6
-10.714	     6
-10.703	     6
-10.692	     6
-10.681	     6
-10.67	     6
-10.659	     5
-10.648	     6
-10.637	     6
-10.626	     6
-10.615	     5
-10.604	     6
-10.593	     6
-10.582	     6
-10.571	     5
-10.56	     6
-10.549	     6
-10.538	     6
-10.527	     6
-10.516	     6
-10.505	     6
-10.494	     6
-10.483	     6
-10.472	     6
-10.461	     6
-10.45	     6
-10.439	     6
-10.428	     6
-10.417	     6
-10.406	     6
-10.395	     5
-10.384	     6
-10.373	     6
-10.362	     6
-10.351	     5
-10.34	     6
-10.329	     6
-10.318	     6
-10.307	     5
-10.296	     6
-10.285	     6
-10.274	     6
-10.263	     6
-10.252	     6
-10.241	     6
-10.23	     6
-10.219	     6
-10.208	     6
-10.197	     6
-10.186	     6
-10.175	     5
-10.164	     6
-10.153	     6
-10.142	     7
-10.131	     5
-10.12	     7
-10.109	     6
-10.098	     6
-10.087	     6
-10.076	     6
-10.065	     6
-10.054	     6
-10.043	     6
-10.032	     6
-10.021	     6
-10.01	     6
-9.999	     6
-9.988	     6
-9.977	     6
-9.966	     6
-9.955	     6
-9.944	     7
-9.933	     6
-9.922	     7
-9.911	     6
  -9.9	     7
-9.889	     6
-9.878	     7
-9.867	     6
-9.856	     7
-9.845	     6
-9.834	     6
-9.823	     6
-9.812	     6
-9.801	     6
 -9.79	     7
-9.779	     6
-9.768	     7
-9.757	     6
-9.746	     6
-9.735	     6
-9.724	     7
-9.713	     6
-9.702	     7
-9.691	     6
 -9.68	     7
-9.669	     6
-9.658	     7
-9.647	     6
-9.636	     7
-9.625	     6
-9.614	     7
-9.603	     6
-9.592	     6
-9.581	     6
 -9.57	     6
-9.559	     6
-9.548	     6
-9.537	     6
-9.526	     7
-9.515	     6
-9.504	     7
-9.493	     6
-9.482	     7
-9.471	     6
 -9.46	     7
-9.449	     6
-9.438	     7
-9.427	     6
-9.416	     7
-9.405	     6
-9.394	     7
-9.383	     6
-9.372	     7
-9.361	     7
 -9.35	     7
-9.339	     6
-9.328	     7
-9.317	     7
-9.306	     7
-9.295	     6
-9.284	     7
-9.273	     7
-9.262	     7
-9.251	     6
 -9.24	     7
-9.229	     6
-9.218	     7
-9.207	     6
-9.196	     7
-9.185	     7
-9.174	     7
-9.163	     6
-9.152	     7
-9.141	     7
 -9.13	     7
-9.119	     6
-9.108	     7
-9.097	     7
-9.086	     7
-9.075	     6
-9.064	     7
-9.053	     7
-9.042	     7
-9.031	     6
 -9.02	     7
-9.009	     6
-8.998	     7
-8.987	     6
-8.976	     7
-8.965	     6
-8.954	     7
-8.943	     6
-8.932	     7
-8.921	     6
 -8.91	     7
-8.899	     6
-8.888	     7
-8.877	     6
-8.866	     7
-8.855	     6
-8.844	     7
-8.833	     6
-8.822	     7
-8.811	     6
  -8.8	     7
-8.789	     7
-8.778	     7
-8.767	     6
-8.756	     7
-8.745	     6
-8.734	     7
-8.723	     6
-8.712	     7
-8.701	     7
 -8.69	     7
-8.679	     6
-8.668	     7
-8.657	     7
-8.646	     7
-8.635	     6
-8.624	     7
-8.613	     7
-8.602	     7
-8.591	     6
 -8.58	     7
-8.569	     7
-8.558	     7
-8.547	     6
-8.536	     7
-8.525	     6
-8.514	     7
-8.503	     6
-8.492	     7
-8.481	     6
 -8.47	     7
-8.459	     6
-8.448	     7
-8.437	     6
-8.426	     6
-8.415	     6
-8.404	     6
-8.393	     6
-8.382	     7
-8.371	     6
 -8.36	     7
-8.349	     6
-8.338	     6
-8.327	     6
-8.316	     7
-8.305	     6
-8.294	     7
-8.283	     6
-8.272	     7
-8.261	     6
 -8.25	     7
-8.239	     6
-8.228	     7
-8.217	     6
-8.206	     7
-8.195	     6
-8.184	     7
-8.173	     6
-8.162	     7
-8.151	     6
 -8.14	     6
-8.129	     6
-8.118	     7
-8.107	     6
-8.096	     7
-8.085	     6
-8.074	     6
-8.063	     6
-8.052	     7
-8.041	     6
 -8.03	     7
-8.019	     6
-8.008	     7
-7.997	     6
-7.986	     6
-7.975	     6
-7.964	     6
-7.953	     6
-7.942	     6
-7.931	     6
 -7.92	     6
-7.909	     6
-7.898	     6
-7.887	     6
-7.876	     6
-7.865	     6
-7.854	     6
-7.843	     6
-7.832	     6
-7.821	     6
 -7.81	     6
-7.799	     6
-7.788	     6
-7.777	     6
-7.766	     7
-7.755	     5
-7.744	     6
-7.733	     6
-7.722	     6
-7.711	     6
  -7.7	     6
-7.689	     6
-7.678	     6
-7.667	     6
-7.656	     6
-7.645	     6
-7.634	     6
-7.623	     6
-7.612	     6
-7.601	     6
 -7.59	     6
-7.579	     5
-7.568	     6
-7.557	     6
-7.546	     6
-7.535	     5
-7.524	     6
-7.513	     6
-7.502	     6
-7.491	     6
 -7.48	     6
-7.469	     6
-7.458	     6
-7.447	     6
-7.436	     6
-7.425	     6
-7.414	     6
-7.403	     6
-7.392	     6
-7.381	     6
 -7.37	     6
-7.359	     6
-7.348	     6
-7.337	     6
-7.326	     7
-7.315	     6
-7.304	     7
-7.293	     6
-7.282	     7
-7.271	     6
 -7.26	     7
-7.249	     6
-7.238	     7
-7.227	     6
-7.216	     7
-7.205	     6
-7.194	     6
-7.183	     6
-7.172	     6
-7.161	     6
 -7.15	     7
-7.139	     6
-7.128	     7
-7.117	     6
-7.106	     7
-7.095	     6
-7.084	     7
-7.073	     6
-7.062	     7
-7.051	     6
 -7.04	     7
-7.029	     6
-7.018	     7
-7.007	     6
-6.996	     7
-6.985	     6
-6.974	     7
-6.963	     6
-6.952	     7
-6.941	     6
 -6.93	     7
-6.919	     6
-6.908	     7
-6.897	     7
-6.886	     7
-6.875	     6
-6.864	     7
-6.853	     6
-6.842	     7
-6.831	     6
 -6.82	     7
-6.809	     6
-6.798	     7
-6.787	     6
-6.776	     7
-6.765	     7
-6.754	     7
-6.743	     7
-6.732	     7
-6.721	     7
 -6.71	     7
-6.699	     7
-6.688	     7
-6.677	     7
-6.666	     7
-6.655	     7
-6.644	     7
-6.633	     7
-6.622	     8
-6.611	     7
  -6.6	     8
-6.589	     7
-6.578	     7
-6.567	     7
-6.556	     7
-6.545	     7
-6.534	     7
-6.523	     7
-6.512	     7
-6.501	     7
 -6.49	     7
-6.479	     7
-6.468	     7
-6.457	     7
-6.446	     7
-6.435	     7
-6.424	     7
-6.413	     7
-6.402	     7
-6.391	     7
 -6.38	     7
-6.369	     7
-6.358	     7
-6.347	     7
-6.336	     8
-6.325	     7
-6.314	     8
-6.303	     7
-6.292	     7
-6.281	     8
 -6.27	     8
-6.259	     8
-6.248	     8
-6.237	     8
-6.226	     8
-6.215	     8
-6.204	     8
-6.193	     8
-6.182	     9
-6.171	     8
 -6.16	     9
-6.149	     8
-6.138	     9
-6.127	     8
-6.116	     9
-6.105	     8
-6.094	     9
-6.083	     8
-6.072	     9
-6.061	     8
 -6.05	     8
-6.039	     8
-6.028	     8
-6.017	     8
-6.006	     8
-5.995	     7
-5.984	     8
-5.973	     7
-5.962	     7
-5.951	     7
 -5.94	     7
-5.929	     7
-5.918	     8
-5.907	     7
-5.896	     8
-5.885	     7
-5.874	     8
-5.863	     7
-5.852	     8
-5.841	     7
 -5.83	     8
-5.819	     7
-5.808	     8
-5.797	     8
-5.786	     8
-5.775	     8
-5.764	     8
-5.753	     8
-5.742	     8
-5.731	     8
 -5.72	     9
-5.709	     8
-5.698	     9
-5.687	     8
-5.676	     9
-5.665	     8
-5.654	     9
-5.643	     8
-5.632	     9
-5.621	     8
 -5.61	     9
-5.599	     8
-5.588	     9
-5.577	     8
-5.566	     9
-5.555	     8
-5.544	     9
-5.533	     8
-5.522	     8
-5.511	     8
  -5.5	     8
-5.489	     8
-5.478	     8
-5.467	     7
-5.456	     8
-5.445	     7
-5.434	     8
-5.423	     7
-5.412	     8
-5.401	     7
 -5.39	     8
-5.379	     7
-5.368	     8
-5.357	     7
-5.346	     7
-5.335	     7
-5.324	     7
-5.313	     7
-5.302	     7
-5.291	     7
 -5.28	     7
-5.269	     7
-5.258	     7
-5.247	     7
-5.236	     7
-5.225	     7
-5.214	     7
-5.203	     7
-5.192	     7
-5.181	     7
 -5.17	     7
-5.159	     7
-5.148	     7
-5.137	     7
-5.126	     7
-5.115	     7
-5.104	     7
-5.093	     7
-5.082	     7
-5.071	     7
 -5.06	     7
-5.049	     7
-5.038	     7
-5.027	     7
-5.016	     7
-5.005	     7
-4.994	     7
-4.983	     6
-4.972	     7
-4.961	     7
 -4.95	     7
-4.939	     6
-4.928	     7
-4.917	     6
-4.906	     7
-4.895	     6
-4.884	     7
-4.873	     6
-4.862	     7
-4.851	     6
 -4.84	     7
-4.829	     6
-4.818	     6
-4.807	     6
-4.796	     6
-4.785	     6
-4.774	     6
-4.763	     6
-4.752	     7
-4.741	     6
 -4.73	     7
-4.719	     6
-4.708	     6
-4.697	     6
-4.686	     7
-4.675	     6
-4.664	     7
-4.653	     6
-4.642	     6
-4.631	     6
 -4.62	     6
-4.609	     6
-4.598	     7
-4.587	     6
-4.576	     6
-4.565	     6
-4.554	     6
-4.543	     6
-4.532	     6
-4.521	     6
 -4.51	     7
-4.499	     6
-4.488	     7
-4.477	     6
-4.466	     7
-4.455	     6
-4.444	     7
-4.433	     6
-4.422	     7
-4.411	     6
  -4.4	     7
-4.389	     6
-4.378	     6
-4.367	     6
-4.356	     6
-4.345	     6
-4.334	     7
-4.323	     6
-4.312	     7
-4.301	     6
 -4.29	     7
-4.279	     6
-4.268	     7
-4.257	     6
-4.246	     7
-4.235	     6
-4.224	     7
-4.213	     6
-4.202	     7
-4.191	     6
 -4.18	     7
-4.169	     7
-4.158	     7
-4.147	     7
-4.136	     7
-4.125	     7
-4.114	     7
-4.103	     7
-4.092	     7
-4.081	     7
 -4.07	     7
-4.059	     7
-4.048	     7
-4.037	     7
-4.026	     7
-4.015	     7
-4.004	     7
-3.993	     7
-3.982	     7
-3.971	     7
 -3.96	     8
-3.949	     7
-3.938	     7
-3.927	     7
-3.916	     7
-3.905	     7
-3.894	     7
-3.883	     7
-3.872	     7
-3.861	     7
 -3.85	     7
-3.839	     7
-3.828	     7
-3.817	     7
-3.806	     8
-3.795	     7
-3.784	     8
-3.773	     7
-3.762	     8
-3.751	     8
 -3.74	     9
-3.729	     8
-3.718	     9
-3.707	     8
-3.696	     9
-3.685	     9
-3.674	    10
-3.663	    10
-3.652	    10
-3.641	    10
 -3.63	    11
-3.619	    10
-3.608	    11
-3.597	    11
-3.586	    11
-3.575	    10
-3.564	    11
-3.553	    11
-3.542	    11
-3.531	    10
 -3.52	    11
-3.509	    10
-3.498	    11
-3.487	    10
-3.476	    11
-3.465	    10
-3.454	    11
-3.443	    10
-3.432	    10
-3.421	    10
 -3.41	    10
-3.399	    10
-3.388	    10
-3.377	    10
-3.366	    10
-3.355	    10
-3.344	    11
-3.333	    10
-3.322	    11
-3.311	    10
  -3.3	    11
-3.289	    11
-3.278	    12
-3.267	    11
-3.256	    12
-3.245	    12
-3.234	    12
-3.223	    12
-3.212	    12
-3.201	    12
 -3.19	    13
-3.179	    12
-3.168	    13
-3.157	    13
-3.146	    13
-3.135	    13
-3.124	    13
-3.113	    13
-3.102	    14
-3.091	    13
 -3.08	    15
-3.069	    14
-3.058	    14
-3.047	    14
-3.036	    15
-3.025	    14
-3.014	    15
-3.003	    14
-2.992	    15
-2.981	    14
 -2.97	    14
-2.959	    14
-2.948	    14
-2.937	    14
-2.926	    14
-2.915	    13
-2.904	    14
-2.893	    13
-2.882	    13
-2.871	    13
 -2.86	    13
-2.849	    12
-2.838	    13
-2.827	    12
-2.816	    13
-2.805	    12
-2.794	    12
-2.783	    11
-2.772	    12
-2.761	    12
 -2.75	    12
-2.739	    11
-2.728	    12
-2.717	    12
-2.706	    12
-2.695	    12
-2.684	    12
-2.673	    12
-2.662	    12
-2.651	    12
 -2.64	    13
-2.629	    12
-2.618	    13
-2.607	    13
-2.596	    13
-2.585	    13
-2.574	    14
-2.563	    13
-2.552	    15
-2.541	    14
 -2.53	    15
-2.519	    14
-2.508	    15
-2.497	    14
-2.486	    15
-2.475	    14
-2.464	    15
-2.453	    14
-2.442	    14
-2.431	    13
 -2.42	    14
-2.409	    13
-2.398	    13
-2.387	    12
-2.376	    13
-2.365	    12
-2.354	    12
-2.343	    11
-2.332	    12
-2.321	    11
 -2.31	    11
-2.299	    10
-2.288	    11
-2.277	    10
-2.266	    11
-2.255	    10
-2.244	    10
-2.233	    10
-2.222	    11
-2.211	    10
  -2.2	    11
-2.189	    10
-2.178	    11
-2.167	    10
-2.156	    11
-2.145	    10
-2.134	    11
-2.123	    10
-2.112	    11
-2.101	    10
 -2.09	    11
-2.079	    10
-2.068	    11
-2.057	    10
-2.046	    11
-2.035	    10
-2.024	    11
-2.013	    10
-2.002	    11
-1.991	    10
 -1.98	    10
-1.969	    10
-1.958	    10
-1.947	     9
-1.936	    10
-1.925	     9
-1.914	    10
-1.903	     9
-1.892	    10
-1.881	     9
 -1.87	    10
-1.859	     9
-1.848	    10
-1.837	     9
-1.826	     9
-1.815	     8
-1.804	     9
-1.793	     8
-1.782	     9
-1.771	     8
 -1.76	     9
-1.749	     8
-1.738	     8
-1.727	     8
-1.716	     8
-1.705	     8
-1.694	     8
-1.683	     7
-1.672	     8
-1.661	     7
 -1.65	     8
-1.639	     7
-1.628	     7
-1.617	     7
-1.606	     7
-1.595	     7
-1.584	     7
-1.573	     7
-1.562	     7
-1.551	     7
 -1.54	     7
-1.529	     7
-1.518	     7
-1.507	     7
-1.496	     7
-1.485	     7
-1.474	     7
-1.463	     7
-1.452	     7
-1.441	     7
 -1.43	     7
-1.419	     7
-1.408	     7
-1.397	     7
-1.386	     7
-1.375	     7
-1.364	     7
-1.353	     7
-1.342	     8
-1.331	     7
 -1.32	     8
-1.309	     7
-1.298	     7
-1.287	     7
-1.276	     8
-1.265	     8
-1.254	     9
-1.243	     8
-1.232	     9
-1.221	     9
 -1.21	     9
-1.199	     9
-1.188	    10
-1.177	    10
-1.166	    11
-1.155	    11
-1.144	    12
-1.133	    11
-1.122	    12
-1.111	    12
  -1.1	    13
-1.089	    13
-1.078	    14
-1.067	    13
-1.056	    14
-1.045	    14
-1.034	    14
-1.023	    14
-1.012	    14
-1.001	    14
 -0.99	    15
-0.979	    14
-0.968	    15
-0.957	    14
-0.946	    15
-0.935	    14
-0.924	    15
-0.913	    14
-0.902	    15
-0.891	    14
 -0.88	    15
-0.869	    14
-0.858	    15
-0.847	    15
-0.836	    15
-0.825	    16
-0.814	    16
-0.803	    16
-0.792	    17
-0.781	    17
 -0.77	    18
-0.759	    18
-0.748	    19
-0.737	    19
-0.726	    19
-0.715	    19
-0.704	    21
-0.693	    21
-0.682	    22
-0.671	    22
 -0.66	    24
-0.649	    24
-0.638	    25
-0.627	    26
-0.616	    27
-0.605	    29
-0.594	    30
-0.583	    31
-0.572	    31
-0.561	    33
 -0.55	    34
-0.539	    34
-0.528	    36
-0.517	    37
-0.506	    38
-0.495	    37
-0.484	    39
-0.473	    38
-0.462	    39
-0.451	    39
 -0.44	    41
-0.429	    39
-0.418	    41
-0.407	    40
-0.396	    40
-0.385	    39
-0.374	    40
-0.363	    39
-0.352	    39
-0.341	    39
 -0.33	    39
-0.319	    38
-0.308	    38
-0.297	    38
-0.286	    37
-0.275	    37
-0.264	    37
-0.253	    37
-0.242	    37
-0.231	    36
 -0.22	    37
-0.209	    37
-0.198	    38
-0.187	    38
-0.176	    40
-0.165	    40
-0.154	    42
-0.143	    44
-0.132	    47
-0.121	    50
 -0.11	    52
-0.099	    55
-0.088	    58
-0.077	    62
-0.066	    65
-0.055	    68
-0.044	    71
-0.033	    75
-0.022	    78
-0.011	    79
     0	    81
 0.011	    82
 0.022	    84
 0.033	    84
 0.044	    86
 0.055	    85
 0.066	    85
 0.077	    84
 0.088	    84
 0.099	    82
  0.11	    81
 0.121	    79
 0.132	    78
 0.143	    77
 0.154	    76
 0.165	    74
 0.176	    73
 0.187	    71
 0.198	    71
 0.209	    70
  0.22	    71
 0.231	    71
 0.242	    72
 0.253	    72
 0.264	    74
 0.275	    76
 0.286	    78
 0.297	    80
 0.308	    83
 0.319	    86
  0.33	    89
 0.341	    92
 0.352	    95
 0.363	   100
 0.374	   103
 0.385	   106
 0.396	   110
 0.407	   113
 0.418	   117
 0.429	   121
  0.44	   125
 0.451	   128
 0.462	   129
 0.473	   130
 0.484	   131
 0.495	   133
 0.506	   135
 0.517	   136
 0.528	   137
 0.539	   137
  0.55	   139
 0.561	   138
 0.572	   139
 0.583	   139
 0.594	   139
 0.605	   137
 0.616	   137
 0.627	   136
 0.638	   135
 0.649	   132
  0.66	   132
 0.671	   129
 0.682	   127
 0.693	   123
 0.704	   122
 0.715	   119
 0.726	   118
 0.737	   115
 0.748	   114
 0.759	   111
  0.77	   110
 0.781	   108
 0.792	   108
 0.803	   107
 0.814	   107
 0.825	   106
 0.836	   106
 0.847	   108
 0.858	   108
 0.869	   109
  0.88	   111
 0.891	   112
 0.902	   114
 0.913	   116
 0.924	   120
 0.935	   122
 0.946	   126
 0.957	   128
 0.968	   132
 0.979	   135
  0.99	   141
 1.001	   146
 1.012	   150
 1.023	   155
 1.034	   162
 1.045	   164
 1.056	   170
 1.067	   174
 1.078	   178
 1.089	   181
   1.1	   182
 1.111	   183
 1.122	   185
 1.133	   183
 1.144	   181
 1.155	   179
 1.166	   177
 1.177	   172
 1.188	   168
 1.199	   163
  1.21	   161
 1.221	   154
 1.232	   151
 1.243	   143
 1.254	   141
 1.265	   136
 1.276	   134
 1.287	   131
 1.298	   131
 1.309	   129
  1.32	   129
 1.331	   130
 1.342	   133
 1.353	   134
 1.364	   137
 1.375	   141
 1.386	   146
 1.397	   150
 1.408	   155
 1.419	   160
  1.43	   165
 1.441	   170
 1.452	   175
 1.463	   181
 1.474	   185
 1.485	   189
 1.496	   195
 1.507	   196
 1.518	   198
 1.529	   200
  1.54	   199
 1.551	   202
 1.562	   202
 1.573	   201
 1.584	   200
 1.595	   198
 1.606	   198
 1.617	   193
 1.628	   191
 1.639	   187
  1.65	   184
 1.661	   178
 1.672	   175
 1.683	   171
 1.694	   169
 1.705	   164
 1.716	   162
 1.727	   157
 1.738	   156
 1.749	   153
  1.76	   153
 1.771	   150
 1.782	   147
 1.793	   144
 1.804	   142
 1.815	   139
 1.826	   138
 1.837	   135
 1.848	   135
 1.859	   133
  1.87	   132
 1.881	   131
 1.892	   131
 1.903	   131
 1.914	   132
 1.925	   131
 1.936	   133
 1.947	   134
 1.958	   136
 1.969	   140
  1.98	   143
 1.991	   148
 2.002	   151
 2.013	   154
 2.024	   158
 2.035	   160
 2.046	   164
 2.057	   167
 2.068	   169
 2.079	   174
  2.09	   175
 2.101	   178
 2.112	   181
 2.123	   182
 2.134	   183
 2.145	   185
 2.156	   187
 2.167	   185
 2.178	   187
 2.189	   185
   2.2	   185
 2.211	   183
 2.222	   180
 2.233	   177
 2.244	   174
 2.255	   172
 2.266	   167
 2.277	   160
 2.288	   155
 2.299	   148
  2.31	   143
 2.321	   135
 2.332	   132
 2.343	   125
 2.354	   123
 2.365	   117
 2.376	   115
 2.387	   112
 2.398	   112
 2.409	   110
  2.42	   110
 2.431	   110
 2.442	   113
 2.453	   114
 2.464	   117
 2.475	   120
 2.486	   122
 2.497	   126
 2.508	   129
 2.519	   132
  2.53	   135
 2.541	   138
 2.552	   141
 2.563	   141
 2.574	   143
 2.585	   143
 2.596	   143
 2.607	   143
 2.618	   143
 2.629	   140
  2.64	   139
 2.651	   137
 2.662	   135
 2.673	   130
 2.684	   127
 2.695	   123
 2.706	   120
 2.717	   114
 2.728	   112
 2.739	   107
  2.75	   103
 2.761	    99
 2.772	    96
 2.783	    93
 2.794	    90
 2.805	    86
 2.816	    85
 2.827	    82
 2.838	    80
 2.849	    78
  2.86	    77
 2.871	    76
 2.882	    76
 2.893	    74
 2.904	    76
 2.915	    75
 2.926	    76
 2.937	    75
 2.948	    77
 2.959	    77
  2.97	    77
 2.981	    78
 2.992	    79
 3.003	    80
 3.014	    81
 3.025	    81
 3.036	    83
 3.047	    83
 3.058	    85
 3.069	    85
  3.08	    87
 3.091	    87
 3.102	    89
 3.113	    89
 3.124	    90
 3.135	    89
 3.146	    90
 3.157	    89
 3.168	    89
 3.179	    87
  3.19	    86
 3.201	    85
 3.212	    84
 3.223	    83
 3.234	    81
 3.245	    79
 3.256	    77
 3.267	    75
 3.278	    74
 3.289	    70
   3.3	    69
 3.311	    66
 3.322	    65
 3.333	    62
 3.344	    61
 3.355	    58
 3.366	    57
 3.377	    54
 3.388	    53
 3.399	    51
  3.41	    50
 3.421	    48
 3.432	    47
 3.443	    45
 3.454	    44
 3.465	    42
 3.476	    42
 3.487	    41
 3.498	    40
 3.509	    40
  3.52	    40
 3.531	    40
 3.542	    41
 3.553	    40
 3.564	    41
 3.575	    41
 3.586	    43
 3.597	    42
 3.608	    43
 3.619	    43
  3.63	    43
 3.641	    43
 3.652	    43
 3.663	    42
 3.674	    41
 3.685	    40
 3.696	    40
 3.707	    39
 3.718	    38
 3.729	    36
  3.74	    35
 3.751	    33
 3.762	    33
 3.773	    30
 3.784	    30
 3.795	    27
 3.806	    27
 3.817	    25
 3.828	    25
 3.839	    22
  3.85	    23
 3.861	    20
 3.872	    21
 3.883	    19
 3.894	    19
 3.905	    18
 3.916	    18
 3.927	    17
 3.938	    17
 3.949	    16
  3.96	    17
 3.971	    16
 3.982	    16
 3.993	    15
 4.004	    16
 4.015	    15
 4.026	    16
 4.037	    15
 4.048	    16
 4.059	    15
  4.07	    15
 4.081	    15
 4.092	    15
 4.103	    15
 4.114	    15
 4.125	    14
 4.136	    15
 4.147	    14
 4.158	    14
 4.169	    14
  4.18	    14
 4.191	    14
 4.202	    14
 4.213	    13
 4.224	    14
 4.235	    13
 4.246	    13
 4.257	    12
 4.268	    13
 4.279	    12
  4.29	    13
 4.301	    11
 4.312	    12
 4.323	    11
 4.334	    11
 4.345	    10
 4.356	    11
 4.367	    10
 4.378	    10
 4.389	     9
   4.4	    10
 4.411	     9
 4.422	     9
 4.433	     8
 4.444	     9
 4.455	     8
 4.466	     9
 4.477	     8
 4.488	     9
 4.499	     7
  4.51	     8
 4.521	     7
 4.532	     8
 4.543	     7
 4.554	     8
 4.565	     7
 4.576	     7
 4.587	     7
 4.598	     7
 4.609	     7
  4.62	     7
 4.631	     7
 4.642	     7
 4.653	     7
 4.664	     7
 4.675	     7
 4.686	     7
 4.697	     7
 4.708	     7
 4.719	     7
  4.73	     7
 4.741	     6
 4.752	     7
 4.763	     7
 4.774	     7
 4.785	     6
 4.796	     7
 4.807	     7
 4.818	     7
 4.829	     7
  4.84	     7
 4.851	     7
 4.862	     7
 4.873	     7
 4.884	     7
 4.895	     7
 4.906	     7
 4.917	     7
 4.928	     8
 4.939	     7
  4.95	     8
 4.961	     7
 4.972	     8
 4.983	     8
 4.994	     9
 5.005	     8
 5.016	     9
 5.027	     8
 5.038	     9
 5.049	     9
  5.06	     9
 5.071	     9
 5.082	    10
 5.093	     9
 5.104	    10
 5.115	    10
 5.126	    10
 5.137	    10
 5.148	    10
 5.159	    10
  5.17	    11
 5.181	    10
 5.192	    11
 5.203	    10
 5.214	    11
 5.225	    10
 5.236	    11
 5.247	    10
 5.258	    11
 5.269	    10
  5.28	    11
 5.291	    10
 5.302	    10
 5.313	    10
 5.324	    10
 5.335	    10
 5.346	    10
 5.357	    10
 5.368	    10
 5.379	    10
  5.39	    10
 5.401	    10
 5.412	    11
 5.423	    10
 5.434	    11
 5.445	    10
 5.456	    11
 5.467	    10
 5.478	    11
 5.489	    10
   5.5	    11
 5.511	    11
 5.522	    12
 5.533	    11
 5.544	    12
 5.555	    12
 5.566	    13
 5.577	    12
 5.588	    13
 5.599	    13
  5.61	    13
 5.621	    13
 5.632	    14
 5.643	    13
 5.654	    14
 5.665	    14
 5.676	    14
 5.687	    14
 5.698	    15
 5.709	    14
  5.72	    15
 5.731	    14
 5.742	    15
 5.753	    14
 5.764	    15
 5.775	    14
 5.786	    15
 5.797	    14
 5.808	    15
 5.819	    14
  5.83	    14
 5.841	    14
 5.852	    14
 5.863	    14
 5.874	    14
 5.885	    13
 5.896	    14
 5.907	    13
 5.918	    13
 5.929	    12
  5.94	    13
 5.951	    12
 5.962	    13
 5.973	    12
 5.984	    13
 5.995	    12
 6.006	    12
 6.017	    12
 6.028	    12
 6.039	    12
  6.05	    13
 6.061	    12
 6.072	    13
 6.083	    13
 6.094	    13
 6.105	    13
 6.116	    14
 6.127	    14
 6.138	    14
 6.149	    14
  6.16	    15
 6.171	    14
 6.182	    15
 6.193	    14
 6.204	    15
 6.215	    14
 6.226	    15
 6.237	    14
 6.248	    15
 6.259	    14
  6.27	    14
 6.281	    14
 6.292	    14
 6.303	    13
 6.314	    14
 6.325	    13
 6.336	    13
 6.347	    12
 6.358	    12
 6.369	    11
  6.38	    12
 6.391	    11
 6.402	    12
 6.413	    10
 6.424	    11
 6.435	    10
 6.446	    11
 6.457	    10
 6.468	    11
 6.479	    10
  6.49	    11
 6.501	    10
 6.512	    11
 6.523	    10
 6.534	    11
 6.545	    10
 6.556	    11
 6.567	    10
 6.578	    11
 6.589	    10
   6.6	    11
 6.611	    11
 6.622	    11
 6.633	    10
 6.644	    11
 6.655	    11
 6.666	    11
 6.677	    11
 6.688	    11
 6.699	    11
  6.71	    11
 6.721	    11
 6.732	    11
 6.743	    11
 6.754	    11
 6.765	    11
 6.776	    11
 6.787	    11
 6.798	    11
 6.809	    10
  6.82	    11
 6.831	    10
 6.842	    11
 6.853	    10
 6.864	    11
 6.875	    10
 6.886	    10
 6.897	     9
 6.908	    10
 6.919	     9
  6.93	    10
 6.941	     9
 6.952	     9
 6.963	     9
 6.974	     9
 6.985	     8
 6.996	     9
 7.007	     8
 7.018	     9
 7.029	     8
  7.04	     8
 7.051	     8
 7.062	     8
 7.073	     7
 7.084	     8
 7.095	     7
 7.106	     8
 7.117	     7
 7.128	     8
 7.139	     7
  7.15	     8
 7.161	     7
 7.172	     8
 7.183	     7
 7.194	     8
 7.205	     7
 7.216	     7
 7.227	     7
 7.238	     7
 7.249	     7
  7.26	     7
 7.271	     7
 7.282	     7
 7.293	     7
 7.304	     7
 7.315	     7
 7.326	     7
 7.337	     7
 7.348	     7
 7.359	     7
  7.37	     7
 7.381	     6
 7.392	     7
 7.403	     6
 7.414	     7
 7.425	     6
 7.436	     7
 7.447	     6
 7.458	     7
 7.469	     6
  7.48	     7
 7.491	     6
 7.502	     6
 7.513	     6
 7.524	     6
 7.535	     6
 7.546	     7
 7.557	     6
 7.568	     7
 7.579	     6
  7.59	     6
 7.601	     6
 7.612	     6
 7.623	     6
 7.634	     6
 7.645	     6
 7.656	     7
 7.667	     6
 7.678	     6
 7.689	     6
   7.7	     6
 7.711	     6
 7.722	     6
 7.733	     6
 7.744	     6
 7.755	     6
 7.766	     6
 7.777	     6
 7.788	     6
 7.799	     6
  7.81	     7
 7.821	     6
 7.832	     7
 7.843	     6
 7.854	     6
 7.865	     6
 7.876	     6
 7.887	     6
 7.898	     6
 7.909	     6
  7.92	     6
 7.931	     6
 7.942	     6
 7.953	     6
 7.964	     6
 7.975	     6
 7.986	     6
 7.997	     6
 8.008	     7
 8.019	     6
  8.03	     6
 8.041	     6
 8.052	     7
 8.063	     6
 8.074	     7
 8.085	     6
 8.096	     7
 8.107	     6
 8.118	     7
 8.129	     6
  8.14	     7
 8.151	     6
 8.162	     7
 8.173	     6
 8.184	     7
 8.195	     7
 8.206	     7
 8.217	     6
 8.228	     7
 8.239	     7
  8.25	     7
 8.261	     6
 8.272	     7
 8.283	     7
 8.294	     7
 8.305	     6
 8.316	     7
 8.327	     7
 8.338	     7
 8.349	     6
  8.36	     7
 8.371	     7
 8.382	     7
 8.393	     7
 8.404	     7
 8.415	     7
 8.426	     7
 8.437	     7
 8.448	     7
 8.459	     7
  8.47	     7
 8.481	     7
 8.492	     7
 8.503	     7
 8.514	     7
 8.525	     6
 8.536	     7
 8.547	     7
 8.558	     7
 8.569	     6
  8.58	     7
 8.591	     7
 8.602	     7
 8.613	     7
 8.624	     7
 8.635	     7
 8.646	     7
 8.657	     7
 8.668	     8
 8.679	     8
  8.69	     8
 8.701	     8
 8.712	     8
 8.723	     8
 8.734	     8
 8.745	     8
 8.756	     9
 8.767	     8
 8.778	     9
 8.789	     8
   8.8	     9
 8.811	     8
 8.822	     9
 8.833	     8
 8.844	     9
 8.855	     8
 8.866	     8
 8.877	     8
 8.888	     8
 8.899	     8
  8.91	     8
 8.921	     8
 8.932	     8
 8.943	     8
 8.954	     8
 8.965	     7
 8.976	     8
 8.987	     7
 8.998	     8
 9.009	     7
  9.02	     8
 9.031	     7
 9.042	     8
 9.053	     7
 9.064	     8
 9.075	     7
 9.086	     8
 9.097	     7
 9.108	     8
 9.119	     8
  9.13	     8
 9.141	     7
 9.152	     8
 9.163	     8
 9.174	     8
 9.185	     8
 9.196	     8
 9.207	     8
 9.218	     8
 9.229	     8
  9.24	     9
 9.251	     8
 9.262	     9
 9.273	     8
 9.284	     9
 9.295	     8
 9.306	     9
 9.317	     8
 9.328	     9
 9.339	     8
  9.35	     9
 9.361	     8
 9.372	     9
 9.383	     8
 9.394	     9
 9.405	     8
 9.416	     9
 9.427	     8
 9.438	     9
 9.449	     8
  9.46	     9
 9.471	     8
 9.482	     8
 9.493	     7
 9.504	     9
 9.515	     7
 9.526	     8
 9.537	     7
 9.548	     8
 9.559	     7
  9.57	     7
 9.581	     7
 9.592	     7
 9.603	     7
 9.614	     7
 9.625	     7
 9.636	     7
 9.647	     7
 9.658	     7
 9.669	     7
  9.68	     7
 9.691	     7
 9.702	     7
 9.713	     7
 9.724	     7
 9.735	     7
 9.746	     8
 9.757	     7
 9.768	     8
 9.779	     7
  9.79	     7
 9.801	     7
 9.812	     7
 9.823	     7
 9.834	     7
 9.845	     7
 9.856	     7
 9.867	     7
 9.878	     7
 9.889	     7
   9.9	     7
 9.911	     7
 9.922	     7
 9.933	     7
 9.944	     7
 9.955	     7
 9.966	     7
 9.977	     6
 9.988	     7
 9.999	     6
 10.01	     7
10.021	     6
10.032	     7
10.043	     6
10.054	     7
10.065	     6
10.076	     7
10.087	     6
10.098	     7
10.109	     6
 10.12	     7
10.131	     6
10.142	     7
10.153	     6
10.164	     7
10.175	     6
10.186	     7
10.197	     6
10.208	     7
10.219	     6
 10.23	     7
10.241	     6
10.252	     7
10.263	     6
10.274	     7
10.285	     6
10.296	     7
10.307	     6
10.318	     6
10.329	     6
 10.34	     6
10.351	     6
10.362	     7
10.373	     6
10.384	     7
10.395	     6
10.406	     7
10.417	     6
10.428	     6
10.439	     6
 10.45	     7
10.461	     6
10.472	     7
10.483	     6
10.494	     6
10.505	     6
10.516	     6
10.527	     6
10.538	     6
10.549	     6
 10.56	     7
10.571	     6
10.582	     6
10.593	     6
10.604	     6
10.615	     6
10.626	     6
10.637	     6
10.648	     6
10.659	     6
 10.67	     6
10.681	     5
10.692	     6
10.703	     6
10.714	     6
10.725	     5
10.736	     6
10.747	     6
10.758	     6
10.769	     6
 10.78	     6
10.791	     6
10.802	     6
10.813	     6
10.824	     6
10.835	     6
10.846	     6
10.857	     6
10.868	     6
10.879	     6
 10.89	     6
10.901	     5
10.912	     7
10.923	     6
10.934	     6
10.945	     5
10.956	     6
10.967	     6
10.978	     6
10.989	     6
    11	     6
11.011	     6
11.022	     6
11.033	     6
11.044	     6
11.055	     6
11.066	     6
11.077	     6
11.088	     6
11.099	     6
 11.11	     6
11.121	     5
11.132	     6
11.143	     6
11.154	     6
11.165	     6
11.176	     7
11.187	     6
11.198	     6
11.209	     6
 11.22	     6
11.231	     6
11.242	     7
11.253	     6
11.264	     7
11.275	     6
11.286	     6
11.297	     6
11.308	     6
11.319	     6
 11.33	     7
11.341	     6
11.352	     7
11.363	     6
11.374	     7
11.385	     6
11.396	     7
11.407	     6
11.418	     7
11.429	     6
 11.44	     7
11.451	     6
11.462	     6
11.473	     6
11.484	     7
11.495	     6
11.506	     7
11.517	     6
11.528	     7
11.539	     6
 11.55	     7
11.561	     6
11.572	     6
11.583	     6
11.594	     7
11.605	     6
11.616	     7
11.627	     6
11.638	     7
11.649	     6
 11.66	     7
11.671	     6
11.682	     7
11.693	     6
11.704	     7
11.715	     6
11.726	     7
11.737	     6
11.748	     7
11.759	     7
 11.77	     7
11.781	     6
11.792	     7
11.803	     6
11.814	     7
11.825	     6
11.836	     7
11.847	     6
11.858	     7
11.869	     6
 11.88	     7
11.891	     7
11.902	     7
11.913	     7
11.924	     7
11.935	     7
11.946	     7
11.957	     7
11.968	     7
11.979	     7
 11.99	     7
