-29.9992	     6
-29.9882	     5
-29.9772	     6
-29.9662	     5
-29.9552	     6
-29.9442	     5
-29.9332	     6
-29.9222	     5
-29.9112	     6
-29.9002	     5
-29.8892	     6
-29.8782	     5
-29.8672	     6
-29.8562	     5
-29.8452	     6
-29.8342	     5
-29.8232	     6
-29.8122	     5
-29.8012	     6
-29.7902	     5
-29.7792	     6
-29.7682	     5
-29.7572	     6
-29.7462	     5
-29.7352	     6
-29.7242	     5
-29.7132	     6
-29.7022	     5
-29.6912	     6
-29.6802	     5
-29.6692	     6
-29.6582	     5
-29.6472	     6
-29.6362	     5
-29.6252	     6
-29.6142	     5
-29.6032	     6
-29.5922	     5
-29.5812	     6
-29.5702	     5
-29.5592	     6
-29.5482	     5
-29.5372	     6
-29.5262	     5
-29.5152	     6
-29.5042	     5
-29.4932	     6
-29.4822	     6
-29.4712	     6
-29.4602	     5
-29.4492	     6
-29.4382	     5
-29.4272	     6
-29.4162	     5
-29.4052	     6
-29.3942	     5
-29.3832	     6
-29.3722	     5
-29.3612	     6
-29.3502	     5
-29.3392	     6
-29.3282	     5
-29.3172	     6
-29.3062	     5
-29.2952	     6
-29.2842	     5
-29.2732	     6
-29.2622	     5
-29.2512	     6
-29.2402	     5
-29.2292	     6
-29.2182	     5
-29.2072	     6
-29.1962	     5
-29.1852	     6
-29.1742	     5
-29.1632	     6
-29.1522	     5
-29.1412	     6
-29.1302	     5
-29.1192	     6
-29.1082	     5
-29.0972	     6
-29.0862	     5
-29.0752	     6
-29.0642	     5
-29.0532	     6
-29.0422	     5
-29.0312	     6
-29.0202	     5
-29.0092	     6
-28.9982	     5
-28.9872	     6
-28.9762	     5
-28.9652	     6
-28.9542	     6
-28.9432	     6
-28.9322	     5
-28.9212	     6
-28.9102	     5
-28.8992	     6
-28.8882	     5
-28.8772	     6
-28.8662	     5
-28.8552	     6
-28.8442	     5
-28.8332	     6
-28.8222	     5
-28.8112	     6
-28.8002	     5
-28.7892	     6
-28.7782	     5
-28.7672	     6
-28.7562	     5
-28.7452	     6
-28.7342	     5
-28.7232	     5
-28.7122	     5
-28.7012	     6
-28.6902	     6
-28.6792	     6
-28.6682	     5
-28.6572	     6
-28.6462	     5
-28.6352	     6
-28.6242	     5
-28.6132	     6
-28.6022	     5
-28.5912	     6
-28.5802	     5
-28.5692	     6
-28.5582	     5
-28.5472	     6
-28.5362	     5
-28.5252	     6
-28.5142	     5
-28.5032	     6
-28.4922	     5
-28.4812	     6
-28.4702	     5
-28.4592	     6
-28.4482	     5
-28.4372	     6
-28.4262	     6
-28.4152	     6
-28.4042	     5
-28.3932	     6
-28.3822	     5
-28.3712	     6
-28.3602	     5
-28.3492	     6
-28.3382	     5
-28.3272	     6
-28.3162	     5
-28.3052	     6
-28.2942	     5
-28.2832	     6
-28.2722	     5
-28.2612	     6
-28.2502	     6
-28.2392	     6
-28.2282	     5
-28.2172	     6
-28.2062	     5
-28.1952	     6
-28.1842	     5
-28.1732	     6
-28.1622	     5
-28.1512	     6
-28.1402	     5
-28.1292	     6
-28.1182	     5
-28.1072	     6
-28.0962	     5
-28.0852	     6
-28.0742	     5
-28.0632	     6
-28.0522	     5
-28.0412	     6
-28.0302	     5
-28.0192	     6
-28.0082	     5
-27.9972	     6
-27.9862	     5
-27.9752	     6
-27.9642	     5
-27.9532	     6
-27.9422	     5
-27.9312	     6
-27.9202	     5
-27.9092	     6
-27.8982	     5
-27.8872	     6
-27.8762	     5
-27.8652	     6
-27.8542	     5
-27.8432	     6
-27.8322	     5
-27.8212	     6
-27.8102	     5
-27.7992	     6
-27.7882	     5
-27.7772	     6
-27.7662	     6
-27.7552	     6
-27.7442	     5
-27.7332	     6
-27.7222	     5
-27.7112	     6
-27.7002	     5
-27.6892	     6
-27.6782	     5
-27.6672	     6
-27.6562	     5
-27.6452	     6
-27.6342	     5
-27.6232	     6
-27.6122	     5
-27.6012	     6
-27.5902	     5
-27.5792	     6
-27.5682	     5
-27.5572	     6
-27.5462	     5
-27.5352	     6
-27.5242	     5
-27.5132	     6
-27.5022	     6
-27.4912	     6
-27.4802	     5
-27.4692	     6
-27.4582	     5
-27.4472	     6
-27.4362	     5
-27.4252	     6
-27.4142	     5
-27.4032	     6
-27.3922	     5
-27.3812	     6
-27.3702	     5
-27.3592	     6
-27.3482	     5
-27.3372	     6
-27.3262	     6
-27.3152	     6
-27.3042	     5
-27.2932	     6
-27.2822	     5
-27.2712	     6
-27.2602	     5
-27.2492	     6
-27.2382	     5
-27.2272	     6
-27.2162	     5
-27.2052	     6
-27.1942	     5
-27.1832	     6
-27.1722	     5
-27.1612	     6
-27.1502	     5
-27.1392	     6
-27.1282	     5
-27.1172	     6
-27.1062	     5
-27.0952	     6
-27.0842	     5
-27.0732	     6
-27.0622	     6
-27.0512	     6
-27.0402	     5
-27.0292	     6
-27.0182	     6
-27.0072	     6
-26.9962	     5
-26.9852	     6
-26.9742	     5
-26.9632	     6
-26.9522	     5
-26.9412	     6
-26.9302	     5
-26.9192	     6
-26.9082	     5
-26.8972	     6
-26.8862	     5
-26.8752	     6
-26.8642	     5
-26.8532	     6
-26.8422	     5
-26.8312	     6
-26.8202	     5
-26.8092	     6
-26.7982	     6
-26.7872	     6
-26.7762	     5
-26.7652	     6
-26.7542	     5
-26.7432	     6
-26.7322	     5
-26.7212	     6
-26.7102	     5
-26.6992	     6
-26.6882	     5
-26.6772	     6
-26.6662	     5
-26.6552	     6
-26.6442	     5
-26.6332	     6
-26.6222	     5
-26.6112	     6
-26.6002	     5
-26.5892	     6
-26.5782	     6
-26.5672	     6
-26.5562	     5
-26.5452	     6
-26.5342	     6
-26.5232	     6
-26.5122	     5
-26.5012	     6
-26.4902	     5
-26.4792	     6
-26.4682	     5
-26.4572	     6
-26.4462	     5
-26.4352	     6
-26.4242	     5
-26.4132	     6
-26.4022	     5
-26.3912	     6
-26.3802	     5
-26.3692	     6
-26.3582	     6
-26.3472	     6
-26.3362	     6
-26.3252	     6
-26.3142	     6
-26.3032	     6
-26.2922	     5
-26.2812	     6
-26.2702	     6
-26.2592	     6
-26.2482	     5
-26.2372	     6
-26.2262	     6
-26.2152	     6
-26.2042	     5
-26.1932	     6
-26.1822	     6
-26.1712	     6
-26.1602	     6
-26.1492	     6
-26.1382	     6
-26.1272	     6
-26.1162	     5
-26.1052	     6
-26.0942	     6
-26.0832	     6
-26.0722	     6
-26.0612	     6
-26.0502	     6
-26.0392	     6
-26.0282	     5
-26.0172	     6
-26.0062	     5
-25.9952	     6
-25.9842	     5
-25.9732	     6
-25.9622	     6
-25.9512	     6
-25.9402	     5
-25.9292	     6
-25.9182	     6
-25.9072	     6
-25.8962	     6
-25.8852	     6
-25.8742	     6
-25.8632	     6
-25.8522	     6
-25.8412	     6
-25.8302	     6
-25.8192	     6
-25.8082	     5
-25.7972	     6
-25.7862	     6
-25.7752	     6
-25.7642	     5
-25.7532	     6
-25.7422	     6
-25.7312	     6
-25.7202	     5
-25.7092	     6
-25.6982	     6
-25.6872	     6
-25.6762	     5
-25.6652	     6
-25.6542	     6
-25.6432	     6
-25.6322	     6
-25.6212	     6
-25.6102	     6
-25.5992	     6
-25.5882	     6
-25.5772	     7
-25.5662	     6
-25.5552	     7
-25.5442	     6
-25.5332	     7
-25.5222	     6
-25.5112	     7
-25.5002	     6
-25.4892	     7
-25.4782	     6
-25.4672	     7
-25.4562	     6
-25.4452	     6
-25.4342	     6
-25.4232	     7
-25.4122	     6
-25.4012	     7
-25.3902	     6
-25.3792	     6
-25.3682	     6
-25.3572	     6
-25.3462	     6
-25.3352	     7
-25.3242	     6
-25.3132	     7
-25.3022	     6
-25.2912	     7
-25.2802	     6
-25.2692	     7
-25.2582	     6
-25.2472	     7
-25.2362	     6
-25.2252	     7
-25.2142	     6
-25.2032	     6
-25.1922	     6
-25.1812	     6
-25.1702	     6
-25.1592	     7
-25.1482	     6
-25.1372	     6
-25.1262	     6
-25.1152	     6
-25.1042	     6
-25.0932	     7
-25.0822	     6
-25.0712	     7
-25.0602	     6
-25.0492	     7
-25.0382	     6
-25.0272	     7
-25.0162	     6
-25.0052	     7
-24.9942	     7
-24.9832	     7
-24.9722	     7
-24.9612	     7
-24.9502	     7
-24.9392	     7
-24.9282	     7
-24.9172	     8
-24.9062	     8
-24.8952	     8
-24.8842	     8
-24.8732	     9
-24.8622	     9
-24.8512	    10
-24.8402	     9
-24.8292	    10
-24.8182	    10
-24.8072	    11
-24.7962	    10
-24.7852	    11
-24.7742	    11
-24.7632	    11
-24.7522	    11
-24.7412	    12
-24.7302	    12
-24.7192	    12
-24.7082	    12
-24.6972	    13
-24.6862	    12
-24.6752	    13
-24.6642	    13
-24.6532	    13
-24.6422	    13
-24.6312	    14
-24.6202	    13
-24.6092	    14
-24.5982	    13
-24.5872	    14
-24.5762	    13
-24.5652	    14
-24.5542	    14
-24.5432	    14
-24.5322	    13
-24.5212	    14
-24.5102	    13
-24.4992	    14
-24.4882	    14
-24.4772	    14
-24.4662	    14
-24.4552	    15
-24.4442	    14
-24.4332	    15
-24.4222	    15
-24.4112	    15
-24.4002	    16
-24.3892	    17
-24.3782	    17
-24.3672	    18
-24.3562	    18
-24.3452	    19
-24.3342	    19
-24.3232	    20
-24.3122	    20
-24.3012	    22
-24.2902	    22
-24.2792	    23
-24.2682	    23
-24.2572	    25
-24.2462	    25
-24.2352	    26
-24.2242	    27
-24.2132	    28
-24.2022	    29
-24.1912	    31
-24.1802	    31
-24.1692	    33
-24.1582	    34
-24.1472	    36
-24.1362	    37
-24.1252	    39
-24.1142	    40
-24.1032	    42
-24.0922	    43
-24.0812	    45
-24.0702	    46
-24.0592	    48
-24.0482	    49
-24.0372	    51
-24.0262	    53
-24.0152	    54
-24.0042	    55
-23.9932	    57
-23.9822	    58
-23.9712	    59
-23.9602	    60
-23.9492	    61
-23.9382	    62
-23.9272	    63
-23.9162	    62
-23.9052	    63
-23.8942	    63
-23.8832	    63
-23.8722	    63
-23.8612	    63
-23.8502	    62
-23.8392	    63
-23.8282	    61
-23.8172	    62
-23.8062	    61
-23.7952	    60
-23.7842	    58
-23.7732	    58
-23.7622	    56
-23.7512	    55
-23.7402	    53
-23.7292	    52
-23.7182	    49
-23.7072	    47
-23.6962	    44
-23.6852	    42
-23.6742	    39
-23.6632	    38
-23.6522	    34
-23.6412	    33
-23.6302	    30
-23.6192	    29
-23.6082	    25
-23.5972	    24
-23.5862	    21
-23.5752	    21
-23.5642	    18
-23.5532	    18
-23.5422	    15
-23.5312	    15
-23.5202	    13
-23.5092	    12
-23.4982	    11
-23.4872	    11
-23.4762	    10
-23.4652	    10
-23.4542	     9
-23.4432	     9
-23.4322	     8
-23.4212	     8
-23.4102	     8
-23.3992	     8
-23.3882	     7
-23.3772	     8
-23.3662	     7
-23.3552	     8
-23.3442	     7
-23.3332	     8
-23.3222	     7
-23.3112	     7
-23.3002	     7
-23.2892	     7
-23.2782	     7
-23.2672	     7
-23.2562	     7
-23.2452	     7
-23.2342	     7
-23.2232	     7
-23.2122	     7
-23.2012	     7
-23.1902	     7
-23.1792	     7
-23.1682	     6
-23.1572	     7
-23.1462	     6
-23.1352	     7
-23.1242	     6
-23.1132	     7
-23.1022	     6
-23.0912	     7
-23.0802	     6
-23.0692	     7
-23.0582	     6
-23.0472	     7
-23.0362	     6
-23.0252	     7
-23.0142	     6
-23.0032	     7
-22.9922	     6
-22.9812	     7
-22.9702	     6
-22.9592	     7
-22.9482	     6
-22.9372	     7
-22.9262	     6
-22.9152	     7
-22.9042	     6
-22.8932	     7
-22.8822	     6
-22.8712	     7
-22.8602	     6
-22.8492	     7
-22.8382	     6
-22.8272	     7
-22.8162	     6
-22.8052	     6
-22.7942	     6
-22.7832	     7
-22.7722	     6
-22.7612	     7
-22.7502	     6
-22.7392	     6
-22.7282	     6
-22.7172	     6
-22.7062	     6
-22.6952	     7
-22.6842	     6
-22.6732	     7
-22.6622	     6
-22.6512	     7
-22.6402	     6
-22.6292	     7
-22.6182	     6
-22.6072	     6
-22.5962	     6
-22.5852	     7
-22.5742	     6
-22.5632	     6
-22.5522	     6
-22.5412	     6
-22.5302	     6
-22.5192	     6
-22.5082	     6
-22.4972	     6
-22.4862	     6
-22.4752	     6
-22.4642	     6
-22.4532	     6
-22.4422	     6
-22.4312	     7
-22.4202	     6
-22.4092	     7
-22.3982	     6
-22.3872	     6
-22.3762	     6
-22.3652	     6
-22.3542	     6
-22.3432	     6
-22.3322	     6
-22.3212	     6
-22.3102	     6
-22.2992	     6
-22.2882	     6
-22.2772	     6
-22.2662	     6
-22.2552	     6
-22.2442	     5
-22.2332	     6
-22.2222	     6
-22.2112	     7
-22.2002	     6
-22.1892	     6
-22.1782	     6
-22.1672	     7
-22.1562	     6
-22.1452	     7
-22.1342	     6
-22.1232	     6
-22.1122	     6
-22.1012	     6
-22.0902	     6
-22.0792	     6
-22.0682	     6
-22.0572	     6
-22.0462	     6
-22.0352	     6
-22.0242	     6
-22.0132	     6
-22.0022	     6
-21.9912	     6
-21.9802	     5
-21.9692	     7
-21.9582	     6
-21.9472	     6
-21.9362	     5
-21.9252	     6
-21.9142	     6
-21.9032	     6
-21.8922	     6
-21.8812	     6
-21.8702	     6
-21.8592	     6
-21.8482	     6
-21.8372	     6
-21.8262	     6
-21.8152	     6
-21.8042	     6
-21.7932	     6
-21.7822	     6
-21.7712	     6
-21.7602	     5
-21.7492	     6
-21.7382	     6
-21.7272	     6
-21.7162	     5
-21.7052	     6
-21.6942	     5
-21.6832	     6
-21.6722	     5
-21.6612	     6
-21.6502	     6
-21.6392	     6
-21.6282	     6
-21.6172	     6
-21.6062	     6
-21.5952	     6
-21.5842	     6
-21.5732	     6
-21.5622	     6
-21.5512	     6
-21.5402	     6
-21.5292	     6
-21.5182	     6
-21.5072	     6
-21.4962	     5
-21.4852	     6
-21.4742	     6
-21.4632	     7
-21.4522	     5
-21.4412	     7
-21.4302	     6
-21.4192	     6
-21.4082	     6
-21.3972	     6
-21.3862	     6
-21.3752	     6
-21.3642	     6
-21.3532	     6
-21.3422	     6
-21.3312	     6
-21.3202	     6
-21.3092	     6
-21.2982	     6
-21.2872	     6
-21.2762	     5
-21.2652	     6
-21.2542	     6
-21.2432	     6
-21.2322	     5
-21.2212	     6
-21.2102	     6
-21.1992	     6
-21.1882	     5
-21.1772	     6
-21.1662	     6
-21.1552	     6
-21.1442	     5
-21.1332	     6
-21.1222	     6
-21.1112	     6
-21.1002	     6
-21.0892	     6
-21.0782	     6
-21.0672	     6
-21.0562	     5
-21.0452	     6
-21.0342	     6
-21.0232	     6
-21.0122	     5
-21.0012	     6
-20.9902	     5
-20.9792	     6
-20.9682	     5
-20.9572	     6
-20.9462	     6
-20.9352	     6
-20.9242	     6
-20.9132	     6
-20.9022	     6
-20.8912	     6
-20.8802	     5
-20.8692	     6
-20.8582	     6
-20.8472	     6
-20.8362	     5
-20.8252	     6
-20.8142	     6
-20.8032	     6
-20.7922	     5
-20.7812	     6
-20.7702	     5
-20.7592	     6
-20.7482	     5
-20.7372	     6
-20.7262	     6
-20.7152	     6
-20.7042	     5
-20.6932	     6
-20.6822	     6
-20.6712	     6
-20.6602	     6
-20.6492	     6
-20.6382	     6
-20.6272	     6
-20.6162	     6
-20.6052	     6
-20.5942	     6
-20.5832	     6
-20.5722	     5
-20.5612	     6
-20.5502	     6
-20.5392	     6
-20.5282	     5
-20.5172	     6
-20.5062	     5
-20.4952	     6
-20.4842	     5
-20.4732	     6
-20.4622	     5
-20.4512	     6
-20.4402	     6
-20.4292	     6
-20.4182	     6
-20.4072	     6
-20.3962	     6
-20.3852	     6
-20.3742	     6
-20.3632	     6
-20.3522	     6
-20.3412	     6
-20.3302	     5
-20.3192	     6
-20.3082	     5
-20.2972	     6
-20.2862	     5
-20.2752	     6
-20.2642	     5
-20.2532	     6
-20.2422	     6
-20.2312	     6
-20.2202	     6
-20.2092	     6
-20.1982	     6
-20.1872	     6
-20.1762	     6
-20.1652	     6
-20.1542	     6
-20.1432	     6
-20.1322	     5
-20.1212	     6
-20.1102	     6
-20.0992	     6
-20.0882	     5
-20.0772	     6
-20.0662	     5
-20.0552	     6
-20.0442	     5
-20.0332	     6
-20.0222	     6
-20.0112	     6
-20.0002	     6
-19.9892	     6
-19.9782	     6
-19.9672	     6
-19.9562	     5
-19.9452	     6
-19.9342	     6
-19.9232	     6
-19.9122	     6
-19.9012	     6
-19.8902	     6
-19.8792	     6
-19.8682	     5
-19.8572	     6
-19.8462	     5
-19.8352	     6
-19.8242	     5
-19.8132	     6
-19.8022	     5
-19.7912	     6
-19.7802	     5
-19.7692	     6
-19.7582	     6
-19.7472	     6
-19.7362	     6
-19.7252	     6
-19.7142	     6
-19.7032	     6
-19.6922	     6
-19.6812	     6
-19.6702	     6
-19.6592	     6
-19.6482	     5
-19.6372	     6
-19.6262	     6
-19.6152	     6
-19.6042	     5
-19.5932	     6
-19.5822	     5
-19.5712	     6
-19.5602	     5
-19.5492	     6
-19.5382	     6
-19.5272	     6
-19.5162	     5
-19.5052	     6
-19.4942	     6
-19.4832	     6
-19.4722	     5
-19.4612	     6
-19.4502	     6
-19.4392	     6
-19.4282	     6
-19.4172	     6
-19.4062	     5
-19.3952	     6
-19.3842	     5
-19.3732	     6
-19.3622	     5
-19.3512	     6
-19.3402	     5
-19.3292	     7
-19.3182	     6
-19.3072	     6
-19.2962	     5
-19.2852	     6
-19.2742	     6
-19.2632	     6
-19.2522	     6
-19.2412	     6
-19.2302	     6
-19.2192	     6
-19.2082	     6
-19.1972	     6
-19.1862	     6
-19.1752	     6
-19.1642	     5
-19.1532	     6
-19.1422	     6
-19.1312	     6
-19.1202	     5
-19.1092	     6
-19.0982	     6
-19.0872	     6
-19.0762	     5
-19.0652	     6
-19.0542	     5
-19.0432	     6
-19.0322	     5
-19.0212	     6
-19.0102	     6
-18.9992	     6
-18.9882	     5
-18.9772	     6
-18.9662	     6
-18.9552	     6
-18.9442	     6
-18.9332	     6
-18.9222	     6
-18.9112	     6
-18.9002	     5
-18.8892	     6
-18.8782	     5
-18.8672	     6
-18.8562	     5
-18.8452	     6
-18.8342	     6
-18.8232	     6
-18.8122	     5
-18.8012	     6
-18.7902	     6
-18.7792	     6
-18.7682	     6
-18.7572	     6
-18.7462	     6
-18.7352	     6
-18.7242	     5
-18.7132	     6
-18.7022	     6
-18.6912	     6
-18.6802	     5
-18.6692	     6
-18.6582	     5
-18.6472	     6
-18.6362	     5
-18.6252	     6
-18.6142	     5
-18.6032	     6
-18.5922	     5
-18.5812	     6
-18.5702	     6
-18.5592	     6
-18.5482	     5
-18.5372	     6
-18.5262	     6
-18.5152	     6
-18.5042	     6
-18.4932	     6
-18.4822	     6
-18.4712	     6
-18.4602	     5
-18.4492	     6
-18.4382	     5
-18.4272	     6
-18.4162	     5
-18.4052	     6
-18.3942	     5
-18.3832	     7
-18.3722	     5
-18.3612	     6
-18.3502	     6
-18.3392	     6
-18.3282	     6
-18.3172	     6
-18.3062	     6
-18.2952	     6
-18.2842	     6
-18.2732	     6
-18.2622	     6
-18.2512	     6
-18.2402	     5
-18.2292	     6
-18.2182	     6
-18.2072	     6
-18.1962	     5
-18.1852	     6
-18.1742	     5
-18.1632	     6
-18.1522	     5
-18.1412	     6
-18.1302	     5
-18.1192	     6
-18.1082	     5
-18.0972	     6
-18.0862	     6
-18.0752	     6
-18.0642	     6
-18.0532	     6
-18.0422	     6
-18.0312	     6
-18.0202	     6
-18.0092	     6
-17.9982	     5
-17.9872	     6
-17.9762	     6
-17.9652	     6
-17.9542	     6
-17.9432	     6
-17.9322	     5
-17.9212	     6
-17.9102	     5
-17.8992	     6
-17.8882	     5
-17.8772	     6
-17.8662	     6
-17.8552	     6
-17.8442	     6
-17.8332	     6
-17.8222	     6
-17.8112	     6
-17.8002	     6
-17.7892	     6
-17.7782	     6
-17.7672	     6
-17.7562	     5
-17.7452	     6
-17.7342	     5
-17.7232	     6
-17.7122	     5
-17.7012	     6
-17.6902	     5
-17.6792	     6
-17.6682	     5
-17.6572	     6
-17.6462	     6
-17.6352	     6
-17.6242	     5
-17.6132	     6
-17.6022	     6
-17.5912	     6
-17.5802	     5
-17.5692	     6
-17.5582	     6
-17.5472	     6
-17.5362	     6
-17.5252	     6
-17.5142	     6
-17.5032	     6
-17.4922	     5
-17.4812	     6
-17.4702	     5
-17.4592	     6
-17.4482	     5
-17.4372	     6
-17.4262	     6
-17.4152	     6
-17.4042	     5
-17.3932	     6
-17.3822	     6
-17.3712	     6
-17.3602	     6
-17.3492	     6
-17.3382	     6
-17.3272	     6
-17.3162	     5
-17.3052	     6
-17.2942	     6
-17.2832	     6
-17.2722	     6
-17.2612	     6
-17.2502	     5
-17.2392	     6
-17.2282	     5
-17.2172	     6
-17.2062	     5
-17.1952	     6
-17.1842	     5
-17.1732	     6
-17.1622	     6
-17.1512	     6
-17.1402	     5
-17.1292	     6
-17.1182	     6
-17.1072	     6
-17.0962	     6
-17.0852	     6
-17.0742	     6
-17.0632	     6
-17.0522	     6
-17.0412	     6
-17.0302	     6
-17.0192	     6
-17.0082	     5
-16.9972	     6
-16.9862	     6
-16.9752	     6
-16.9642	     5
-16.9532	     6
-16.9422	     5
-16.9312	     6
-16.9202	     6
-16.9092	     6
-16.8982	     6
-16.8872	     6
-16.8762	     6
-16.8652	     6
-16.8542	     6
-16.8432	     6
-16.8322	     6
-16.8212	     6
-16.8102	     6
-16.7992	     6
-16.7882	     5
-16.7772	     6
-16.7662	     6
-16.7552	     6
-16.7442	     5
-16.7332	     6
-16.7222	     5
-16.7112	     6
-16.7002	     5
-16.6892	     6
-16.6782	     5
-16.6672	     6
-16.6562	     6
-16.6452	     6
-16.6342	     6
-16.6232	     6
-16.6122	     6
-16.6012	     6
-16.5902	     6
-16.5792	     6
-16.5682	     5
-16.5572	     6
-16.5462	     6
-16.5352	     6
-16.5242	     5
-16.5132	     6
-16.5022	     6
-16.4912	     6
-16.4802	     5
-16.4692	     6
-16.4582	     6
-16.4472	     6
-16.4362	     6
-16.4252	     6
-16.4142	     6
-16.4032	     6
-16.3922	     6
-16.3812	     6
-16.3702	     6
-16.3592	     6
-16.3482	     6
-16.3372	     6
-16.3262	     6
-16.3152	     6
-16.3042	     5
-16.2932	     6
-16.2822	     6
-16.2712	     6
-16.2602	     5
-16.2492	     7
-16.2382	     6
-16.2272	     6
-16.2162	     5
-16.2052	     6
-16.1942	     6
-16.1832	     6
-16.1722	     6
-16.1612	     6
-16.1502	     6
-16.1392	     6
-16.1282	     6
-16.1172	     6
-16.1062	     6
-16.0952	     6
-16.0842	     5
-16.0732	     6
-16.0622	     6
-16.0512	     6
-16.0402	     5
-16.0292	     6
-16.0182	     5
-16.0072	     6
-15.9962	     5
-15.9852	     6
-15.9742	     6
-15.9632	     6
-15.9522	     6
-15.9412	     6
-15.9302	     6
-15.9192	     6
-15.9082	     5
-15.8972	     6
-15.8862	     6
-15.8752	     6
-15.8642	     6
-15.8532	     6
-15.8422	     6
-15.8312	     6
-15.8202	     5
-15.8092	     6
-15.7982	     5
-15.7872	     6
-15.7762	     5
-15.7652	     6
-15.7542	     5
-15.7432	     6
-15.7322	     5
-15.7212	     6
-15.7102	     6
-15.6992	     6
-15.6882	     6
-15.6772	     6
-15.6662	     6
-15.6552	     6
-15.6442	     6
-15.6332	     6
-15.6222	     6
-15.6112	     6
-15.6002	     6
-15.5892	     6
-15.5782	     6
-15.5672	     6
-15.5562	     5
-15.5452	     6
-15.5342	     6
-15.5232	     6
-15.5122	     6
-15.5012	     6
-15.4902	     6
-15.4792	     6
-15.4682	     6
-15.4572	     6
-15.4462	     6
-15.4352	     6
-15.4242	     6
-15.4132	     6
-15.4022	     6
-15.3912	     6
-15.3802	     6
-15.3692	     7
-15.3582	     5
-15.3472	     6
-15.3362	     5
-15.3252	     6
-15.3142	     6
-15.3032	     6
-15.2922	     5
-15.2812	     6
-15.2702	     6
-15.2592	     6
-15.2482	     6
-15.2372	     6
-15.2262	     6
-15.2152	     6
-15.2042	     6
-15.1932	     6
-15.1822	     6
-15.1712	     6
-15.1602	     6
-15.1492	     6
-15.1382	     6
-15.1272	     7
-15.1162	     5
-15.1052	     6
-15.0942	     6
-15.0832	     6
-15.0722	     5
-15.0612	     6
-15.0502	     5
-15.0392	     6
-15.0282	     6
-15.0172	     6
-15.0062	     6
-14.9952	     6
-14.9842	     6
-14.9732	     6
-14.9622	     6
-14.9512	     6
-14.9402	     6
-14.9292	     6
-14.9182	     6
-14.9072	     6
-14.8962	     6
-14.8852	     6
-14.8742	     6
-14.8632	     7
-14.8522	     6
-14.8412	     7
-14.8302	     6
-14.8192	     6
-14.8082	     5
-14.7972	     6
-14.7862	     6
-14.7752	     6
-14.7642	     6
-14.7532	     6
-14.7422	     6
-14.7312	     6
-14.7202	     6
-14.7092	     6
-14.6982	     6
-14.6872	     6
-14.6762	     6
-14.6652	     7
-14.6542	     6
-14.6432	     6
-14.6322	     6
-14.6212	     6
-14.6102	     6
-14.5992	     7
-14.5882	     6
-14.5772	     7
-14.5662	     6
-14.5552	     6
-14.5442	     6
-14.5332	     6
-14.5222	     6
-14.5112	     6
-14.5002	     6
-14.4892	     6
-14.4782	     6
-14.4672	     6
-14.4562	     6
-14.4452	     6
-14.4342	     6
-14.4232	     7
-14.4122	     6
-14.4012	     7
-14.3902	     6
-14.3792	     6
-14.3682	     5
-14.3572	     6
-14.3462	     6
-14.3352	     7
-14.3242	     6
-14.3132	     6
-14.3022	     6
-14.2912	     6
-14.2802	     6
-14.2692	     6
-14.2582	     6
-14.2472	     6
-14.2362	     6
-14.2252	     6
-14.2142	     6
-14.2032	     6
-14.1922	     6
-14.1812	     6
-14.1702	     6
-14.1592	     7
-14.1482	     5
-14.1372	     7
-14.1262	     5
-14.1152	     6
-14.1042	     6
-14.0932	     6
-14.0822	     6
-14.0712	     6
-14.0602	     6
-14.0492	     6
-14.0382	     6
-14.0272	     6
-14.0162	     6
-14.0052	     6
-13.9942	     6
-13.9832	     7
-13.9722	     6
-13.9612	     7
-13.9502	     6
-13.9392	     6
-13.9282	     6
-13.9172	     7
-13.9062	     6
-13.8952	     7
-13.8842	     6
-13.8732	     7
-13.8622	     6
-13.8512	     6
-13.8402	     6
-13.8292	     6
-13.8182	     6
-13.8072	     7
-13.7962	     6
-13.7852	     7
-13.7742	     6
-13.7632	     6
-13.7522	     6
-13.7412	     6
-13.7302	     6
-13.7192	     7
-13.7082	     6
-13.6972	     7
-13.6862	     6
-13.6752	     7
-13.6642	     6
-13.6532	     7
-13.6422	     6
-13.6312	     7
-13.6202	     6
-13.6092	     7
-13.5982	     6
-13.5872	     7
-13.5762	     6
-13.5652	     7
-13.5542	     6
-13.5432	     7
-13.5322	     6
-13.5212	     7
-13.5102	     6
-13.4992	     7
-13.4882	     6
-13.4772	     7
-13.4662	     6
-13.4552	     7
-13.4442	     6
-13.4332	     7
-13.4222	     6
-13.4112	     7
-13.4002	     6
-13.3892	     7
-13.3782	     7
-13.3672	     7
-13.3562	     6
-13.3452	     7
-13.3342	     7
-13.3232	     7
-13.3122	     7
-13.3012	     7
-13.2902	     7
-13.2792	     7
-13.2682	     6
-13.2572	     7
-13.2462	     7
-13.2352	     7
-13.2242	     6
-13.2132	     7
-13.2022	     6
-13.1912	     7
-13.1802	     6
-13.1692	     7
-13.1582	     6
-13.1472	     7
-13.1362	     6
-13.1252	     7
-13.1142	     7
-13.1032	     7
-13.0922	     6
-13.0812	     7
-13.0702	     6
-13.0592	     7
-13.0482	     7
-13.0372	     7
-13.0262	     6
-13.0152	     7
-13.0042	     6
-12.9932	     7
-12.9822	     6
-12.9712	     7
-12.9602	     6
-12.9492	     7
-12.9382	     6
-12.9272	     7
-12.9162	     6
-12.9052	     7
-12.8942	     7
-12.8832	     7
-12.8722	     7
-12.8612	     7
-12.8502	     7
-12.8392	     7
-12.8282	     7
-12.8172	     7
-12.8062	     7
-12.7952	     7
-12.7842	     7
-12.7732	     7
-12.7622	     7
-12.7512	     8
-12.7402	     7
-12.7292	     8
-12.7182	     7
-12.7072	     8
-12.6962	     7
-12.6852	     8
-12.6742	     8
-12.6632	     9
-12.6522	     8
-12.6412	     9
-12.6302	     9
-12.6192	    10
-12.6082	    10
-12.5972	    11
-12.5862	    12
-12.5752	    12
-12.5642	    13
-12.5532	    14
-12.5422	    14
-12.5312	    15
-12.5202	    16
-12.5092	    18
-12.4982	    18
-12.4872	    20
-12.4762	    21
-12.4652	    23
-12.4542	    24
-12.4432	    25
-12.4322	    26
-12.4212	    28
-12.4102	    29
-12.3992	    31
-12.3882	    32
-12.3772	    34
-12.3662	    35
-12.3552	    36
-12.3442	    37
-12.3332	    38
-12.3222	    40
-12.3112	    41
-12.3002	    42
-12.2892	    44
-12.2782	    44
-12.2672	    46
-12.2562	    47
-12.2452	    49
-12.2342	    50
-12.2232	    53
-12.2122	    53
-12.2012	    55
-12.1902	    57
-12.1792	    59
-12.1682	    61
-12.1572	    63
-12.1462	    66
-12.1352	    68
-12.1242	    71
-12.1132	    73
-12.1022	    75
-12.0912	    77
-12.0802	    80
-12.0692	    83
-12.0582	    85
-12.0472	    87
-12.0362	    87
-12.0252	    90
-12.0142	    91
-12.0032	    93
-11.9922	    96
-11.9812	    99
-11.9702	   102
-11.9592	   105
-11.9482	   108
-11.9372	   111
-11.9262	   114
-11.9152	   117
-11.9042	   120
-11.8932	   125
-11.8822	   128
-11.8712	   131
-11.8602	   133
-11.8492	   135
-11.8382	   138
-11.8272	   140
-11.8162	   142
-11.8052	   145
-11.7942	   145
-11.7832	   146
-11.7722	   145
-11.7612	   146
-11.7502	   145
-11.7392	   145
-11.7282	   142
-11.7172	   142
-11.7062	   139
-11.6952	   138
-11.6842	   135
-11.6732	   134
-11.6622	   130
-11.6512	   127
-11.6402	   123
-11.6292	   119
-11.6182	   116
-11.6072	   112
-11.5962	   107
-11.5852	   105
-11.5742	   100
-11.5632	    97
-11.5522	    92
-11.5412	    90
-11.5302	    85
-11.5192	    81
-11.5082	    74
-11.4972	    72
-11.4862	    67
-11.4752	    62
-11.4642	    56
-11.4532	    52
-11.4422	    47
-11.4312	    43
-11.4202	    39
-11.4092	    35
-11.3982	    30
-11.3872	    27
-11.3762	    23
-11.3652	    21
-11.3542	    18
-11.3432	    17
-11.3322	    14
-11.3212	    14
-11.3102	    12
-11.2992	    12
-11.2882	    10
-11.2772	    10
-11.2662	     9
-11.2552	     9
-11.2442	     8
-11.2332	     9
-11.2222	     8
-11.2112	     9
-11.2002	     8
-11.1892	     8
-11.1782	     8
-11.1672	     8
-11.1562	     8
-11.1452	     8
-11.1342	     8
-11.1232	     8
-11.1122	     7
-11.1012	     8
-11.0902	     7
-11.0792	     8
-11.0682	     7
-11.0572	     8
-11.0462	     7
-11.0352	     7
-11.0242	     7
-11.0132	     7
-11.0022	     7
-10.9912	     7
-10.9802	     7
-10.9692	     7
-10.9582	     7
-10.9472	     7
-10.9362	     7
-10.9252	     7
-10.9142	     7
-10.9032	     7
-10.8922	     6
-10.8812	     7
-10.8702	     7
-10.8592	     7
-10.8482	     6
-10.8372	     7
-10.8262	     6
-10.8152	     7
-10.8042	     6
-10.7932	     7
-10.7822	     6
-10.7712	     7
-10.7602	     6
-10.7492	     7
-10.7382	     6
-10.7272	     7
-10.7162	     6
-10.7052	     7
-10.6942	     6
-10.6832	     7
-10.6722	     6
-10.6612	     7
-10.6502	     6
-10.6392	     7
-10.6282	     6
-10.6172	     7
-10.6062	     6
-10.5952	     7
-10.5842	     6
-10.5732	     7
-10.5622	     6
-10.5512	     7
-10.5402	     6
-10.5292	     7
-10.5182	     6
-10.5072	     7
-10.4962	     6
-10.4852	     7
-10.4742	     6
-10.4632	     7
-10.4522	     6
-10.4412	     7
-10.4302	     6
-10.4192	     6
-10.4082	     6
-10.3972	     7
-10.3862	     6
-10.3752	     7
-10.3642	     6
-10.3532	     7
-10.3422	     6
-10.3312	     7
-10.3202	     6
-10.3092	     7
-10.2982	     6
-10.2872	     7
-10.2762	     6
-10.2652	     7
-10.2542	     6
-10.2432	     7
-10.2322	     6
-10.2212	     7
-10.2102	     6
-10.1992	     7
-10.1882	     6
-10.1772	     7
-10.1662	     6
-10.1552	     7
-10.1442	     6
-10.1332	     7
-10.1222	     6
-10.1112	     7
-10.1002	     6
-10.0892	     7
-10.0782	     6
-10.0672	     7
-10.0562	     6
-10.0452	     7
-10.0342	     6
-10.0232	     7
-10.0122	     6
-10.0012	     7
-9.9902	     7
-9.9792	     7
-9.9682	     6
-9.9572	     7
-9.9462	     6
-9.9352	     7
-9.9242	     6
-9.9132	     7
-9.9022	     6
-9.8912	     7
-9.8802	     6
-9.8692	     7
-9.8582	     6
-9.8472	     7
-9.8362	     6
-9.8252	     7
-9.8142	     6
-9.8032	     6
-9.7922	     6
-9.7812	     6
-9.7702	     6
-9.7592	     6
-9.7482	     6
-9.7372	     6
-9.7262	     6
-9.7152	     6
-9.7042	     6
-9.6932	     6
-9.6822	     6
-9.6712	     7
-9.6602	     6
-9.6492	     7
-9.6382	     6
-9.6272	     6
-9.6162	     6
-9.6052	     6
-9.5942	     6
-9.5832	     6
-9.5722	     6
-9.5612	     6
-9.5502	     6
-9.5392	     6
-9.5282	     6
-9.5172	     6
-9.5062	     6
-9.4952	     6
-9.4842	     6
-9.4732	     7
-9.4622	     6
-9.4512	     6
-9.4402	     6
-9.4292	     6
-9.4182	     6
-9.4072	     7
-9.3962	     6
-9.3852	     7
-9.3742	     6
-9.3632	     7
-9.3522	     6
-9.3412	     6
-9.3302	     6
-9.3192	     6
-9.3082	     6
-9.2972	     7
-9.2862	     6
-9.2752	     6
-9.2642	     6
-9.2532	     6
-9.2422	     6
-9.2312	     6
-9.2202	     6
-9.2092	     6
-9.1982	     6
-9.1872	     6
-9.1762	     6
-9.1652	     6
-9.1542	     6
-9.1432	     6
-9.1322	     5
-9.1212	     7
-9.1102	     6
-9.0992	     6
-9.0882	     6
-9.0772	     6
-9.0662	     6
-9.0552	     6
-9.0442	     6
-9.0332	     6
-9.0222	     6
-9.0112	     6
-9.0002	     6
-8.9892	     6
-8.9782	     6
-8.9672	     6
-8.9562	     5
-8.9452	     6
-8.9342	     6
-8.9232	     6
-8.9122	     6
-8.9012	     6
-8.8902	     6
-8.8792	     6
-8.8682	     6
-8.8572	     6
-8.8462	     6
-8.8352	     6
-8.8242	     6
-8.8132	     6
-8.8022	     6
-8.7912	     6
-8.7802	     6
-8.7692	     6
-8.7582	     6
-8.7472	     6
-8.7362	     6
-8.7252	     6
-8.7142	     6
-8.7032	     7
-8.6922	     5
-8.6812	     7
-8.6702	     6
-8.6592	     6
-8.6482	     6
-8.6372	     6
-8.6262	     6
-8.6152	     7
-8.6042	     6
-8.5932	     6
-8.5822	     6
-8.5712	     6
-8.5602	     6
-8.5492	     6
-8.5382	     6
-8.5272	     6
-8.5162	     6
-8.5052	     6
-8.4942	     6
-8.4832	     6
-8.4722	     6
-8.4612	     6
-8.4502	     6
-8.4392	     7
-8.4282	     6
-8.4172	     7
-8.4062	     6
-8.3952	     6
-8.3842	     6
-8.3732	     6
-8.3622	     6
-8.3512	     7
-8.3402	     6
-8.3292	     6
-8.3182	     6
-8.3072	     6
-8.2962	     6
-8.2852	     6
-8.2742	     6
-8.2632	     6
-8.2522	     6
-8.2412	     7
-8.2302	     6
-8.2192	     6
-8.2082	     5
-8.1972	     6
-8.1862	     6
-8.1752	     6
-8.1642	     6
-8.1532	     7
-8.1422	     6
-8.1312	     6
-8.1202	     6
-8.1092	     6
-8.0982	     6
-8.0872	     6
-8.0762	     6
-8.0652	     6
-8.0542	     6
-8.0432	     6
-8.0322	     6
-8.0212	     6
-8.0102	     6
-7.9992	     6
-7.9882	     5
-7.9772	     6
-7.9662	     6
-7.9552	     6
-7.9442	     6
-7.9332	     6
-7.9222	     6
-7.9112	     6
-7.9002	     6
-7.8892	     6
-7.8782	     6
-7.8672	     6
-7.8562	     6
-7.8452	     6
-7.8342	     6
-7.8232	     6
-7.8122	     5
-7.8012	     6
-7.7902	     6
-7.7792	     6
-7.7682	     5
-7.7572	     6
-7.7462	     6
-7.7352	     7
-7.7242	     5
-7.7132	     6
-7.7022	     6
-7.6912	     6
-7.6802	     6
-7.6692	     6
-7.6582	     6
-7.6472	     6
-7.6362	     6
-7.6252	     6
-7.6142	     6
-7.6032	     6
-7.5922	     6
-7.5812	     6
-7.5702	     6
-7.5592	     6
-7.5482	     6
-7.5372	     6
-7.5262	     6
-7.5152	     6
-7.5042	     6
-7.4932	     6
-7.4822	     6
-7.4712	     7
-7.4602	     5
-7.4492	     7
-7.4382	     6
-7.4272	     6
-7.4162	     6
-7.4052	     6
-7.3942	     6
-7.3832	     6
-7.3722	     6
-7.3612	     6
-7.3502	     6
-7.3392	     6
-7.3282	     6
-7.3172	     6
-7.3062	     6
-7.2952	     6
-7.2842	     6
-7.2732	     7
-7.2622	     6
-7.2512	     6
-7.2402	     6
-7.2292	     6
-7.2182	     6
-7.2072	     7
-7.1962	     6
-7.1852	     6
-7.1742	     6
-7.1632	     6
-7.1522	     6
-7.1412	     6
-7.1302	     6
-7.1192	     6
-7.1082	     6
-7.0972	     6
-7.0862	     6
-7.0752	     6
-7.0642	     6
-7.0532	     6
-7.0422	     6
-7.0312	     6
-7.0202	     6
-7.0092	     7
-6.9982	     6
-6.9872	     6
-6.9762	     5
-6.9652	     6
-6.9542	     6
-6.9432	     6
-6.9322	     6
-6.9212	     6
-6.9102	     6
-6.8992	     6
-6.8882	     6
-6.8772	     6
-6.8662	     6
-6.8552	     6
-6.8442	     6
-6.8332	     7
-6.8222	     6
-6.8112	     6
-6.8002	     5
-6.7892	     6
-6.7782	     6
-6.7672	     7
-6.7562	     6
-6.7452	     7
-6.7342	     6
-6.7232	     6
-6.7122	     6
-6.7012	     6
-6.6902	     6
-6.6792	     6
-6.6682	     6
-6.6572	     6
-6.6462	     6
-6.6352	     6
-6.6242	     6
-6.6132	     6
-6.6022	     6
-6.5912	     7
-6.5802	     6
-6.5692	     6
-6.5582	     6
-6.5472	     6
-6.5362	     6
-6.5252	     6
-6.5142	     6
-6.5032	     6
-6.4922	     6
-6.4812	     6
-6.4702	     6
-6.4592	     6
-6.4482	     6
-6.4372	     6
-6.4262	     6
-6.4152	     6
-6.4042	     6
-6.3932	     6
-6.3822	     6
-6.3712	     6
-6.3602	     6
-6.3492	     6
-6.3382	     6
-6.3272	     7
-6.3162	     6
-6.3052	     7
-6.2942	     6
-6.2832	     7
-6.2722	     6
-6.2612	     6
-6.2502	     6
-6.2392	     7
-6.2282	     6
-6.2172	     7
-6.2062	     6
-6.1952	     6
-6.1842	     6
-6.1732	     6
-6.1622	     6
-6.1512	     7
-6.1402	     6
-6.1292	     6
-6.1182	     6
-6.1072	     6
-6.0962	     6
-6.0852	     6
-6.0742	     6
-6.0632	     7
-6.0522	     6
-6.0412	     7
-6.0302	     6
-6.0192	     6
-6.0082	     6
-5.9972	     6
-5.9862	     6
-5.9752	     6
-5.9642	     6
-5.9532	     6
-5.9422	     6
-5.9312	     6
-5.9202	     6
-5.9092	     6
-5.8982	     6
-5.8872	     6
-5.8762	     6
-5.8652	     7
-5.8542	     6
-5.8432	     7
-5.8322	     5
-5.8212	     7
-5.8102	     6
-5.7992	     7
-5.7882	     6
-5.7772	     7
-5.7662	     6
-5.7552	     6
-5.7442	     6
-5.7332	     6
-5.7222	     6
-5.7112	     6
-5.7002	     6
-5.6892	     6
-5.6782	     6
-5.6672	     6
-5.6562	     6
-5.6452	     6
-5.6342	     6
-5.6232	     7
-5.6122	     6
-5.6012	     7
-5.5902	     6
-5.5792	     7
-5.5682	     6
-5.5572	     6
-5.5462	     6
-5.5352	     7
-5.5242	     6
-5.5132	     6
-5.5022	     6
-5.4912	     6
-5.4802	     6
-5.4692	     6
-5.4582	     6
-5.4472	     6
-5.4362	     6
-5.4252	     7
-5.4142	     6
-5.4032	     6
-5.3922	     5
-5.3812	     6
-5.3702	     6
-5.3592	     7
-5.3482	     6
-5.3372	     7
-5.3262	     6
-5.3152	     6
-5.3042	     6
-5.2932	     6
-5.2822	     6
-5.2712	     6
-5.2602	     6
-5.2492	     6
-5.2382	     6
-5.2272	     6
-5.2162	     6
-5.2052	     6
-5.1942	     6
-5.1832	     7
-5.1722	     6
-5.1612	     7
-5.1502	     6
-5.1392	     7
-5.1282	     6
-5.1172	     7
-5.1062	     6
-5.0952	     7
-5.0842	     6
-5.0732	     7
-5.0622	     6
-5.0512	     6
-5.0402	     6
-5.0292	     6
-5.0182	     6
-5.0072	     6
-4.9962	     6
-4.9852	     6
-4.9742	     6
-4.9632	     6
-4.9522	     6
-4.9412	     6
-4.9302	     6
-4.9192	     6
-4.9082	     6
-4.8972	     7
-4.8862	     6
-4.8752	     6
-4.8642	     6
-4.8532	     6
-4.8422	     6
-4.8312	     6
-4.8202	     6
-4.8092	     6
-4.7982	     6
-4.7872	     6
-4.7762	     6
-4.7652	     6
-4.7542	     6
-4.7432	     6
-4.7322	     6
-4.7212	     7
-4.7102	     6
-4.6992	     6
-4.6882	     6
-4.6772	     6
-4.6662	     6
-4.6552	     7
-4.6442	     5
-4.6332	     7
-4.6222	     6
-4.6112	     6
-4.6002	     6
-4.5892	     6
-4.5782	     6
-4.5672	     7
-4.5562	     6
-4.5452	     7
-4.5342	     6
-4.5232	     6
-4.5122	     6
-4.5012	     6
-4.4902	     6
-4.4792	     7
-4.4682	     6
-4.4572	     7
-4.4462	     6
-4.4352	     7
-4.4242	     6
-4.4132	     7
-4.4022	     6
-4.3912	     7
-4.3802	     6
-4.3692	     7
-4.3582	     6
-4.3472	     6
-4.3362	     6
-4.3252	     6
-4.3142	     6
-4.3032	     7
-4.2922	     6
-4.2812	     6
-4.2702	     6
-4.2592	     6
-4.2482	     6
-4.2372	     6
-4.2262	     6
-4.2152	     7
-4.2042	     6
-4.1932	     7
-4.1822	     6
-4.1712	     6
-4.1602	     6
-4.1492	     6
-4.1382	     6
-4.1272	     6
-4.1162	     6
-4.1052	     6
-4.0942	     6
-4.0832	     6
-4.0722	     6
-4.0612	     6
-4.0502	     6
-4.0392	     6
-4.0282	     6
-4.0172	     6
-4.0062	     6
-3.9952	     6
-3.9842	     6
-3.9732	     6
-3.9622	     6
-3.9512	     7
-3.9402	     6
-3.9292	     7
-3.9182	     6
-3.9072	     6
-3.8962	     6
-3.8852	     6
-3.8742	     6
-3.8632	     6
-3.8522	     6
-3.8412	     6
-3.8302	     6
-3.8192	     6
-3.8082	     6
-3.7972	     6
-3.7862	     6
-3.7752	     6
-3.7642	     6
-3.7532	     7
-3.7422	     6
-3.7312	     6
-3.7202	     6
-3.7092	     6
-3.6982	     6
-3.6872	     7
-3.6762	     6
-3.6652	     7
-3.6542	     6
-3.6432	     6
-3.6322	     6
-3.6212	     6
-3.6102	     6
-3.5992	     6
-3.5882	     6
-3.5772	     7
-3.5662	     6
-3.5552	     6
-3.5442	     6
-3.5332	     6
-3.5222	     6
-3.5112	     7
-3.5002	     6
-3.4892	     7
-3.4782	     6
-3.4672	     7
-3.4562	     6
-3.4452	     7
-3.4342	     6
-3.4232	     7
-3.4122	     6
-3.4012	     7
-3.3902	     6
-3.3792	     6
-3.3682	     6
-3.3572	     6
-3.3462	     6
-3.3352	     7
-3.3242	     6
-3.3132	     7
-3.3022	     6
-3.2912	     6
-3.2802	     6
-3.2692	     6
-3.2582	     6
-3.2472	     7
-3.2362	     6
-3.2252	     7
-3.2142	     6
-3.2032	     7
-3.1922	     6
-3.1812	     6
-3.1702	     6
-3.1592	     6
-3.1482	     6
-3.1372	     6
-3.1262	     6
-3.1152	     6
-3.1042	     6
-3.0932	     6
-3.0822	     6
-3.0712	     6
-3.0602	     6
-3.0492	     6
-3.0382	     6
-3.0272	     6
-3.0162	     6
-3.0052	     6
-2.9942	     6
-2.9832	     7
-2.9722	     6
-2.9612	     7
-2.9502	     6
-2.9392	     6
-2.9282	     6
-2.9172	     6
-2.9062	     6
-2.8952	     7
-2.8842	     6
-2.8732	     6
-2.8622	     6
-2.8512	     6
-2.8402	     6
-2.8292	     6
-2.8182	     6
-2.8072	     7
-2.7962	     6
-2.7852	     7
-2.7742	     6
-2.7632	     7
-2.7522	     6
-2.7412	     7
-2.7302	     6
-2.7192	     7
-2.7082	     6
-2.6972	     7
-2.6862	     6
-2.6752	     6
-2.6642	     6
-2.6532	     6
-2.6422	     6
-2.6312	     6
-2.6202	     6
-2.6092	     7
-2.5982	     6
-2.5872	     6
-2.5762	     6
-2.5652	     6
-2.5542	     6
-2.5432	     7
-2.5322	     6
-2.5212	     7
-2.5102	     6
-2.4992	     7
-2.4882	     6
-2.4772	     7
-2.4662	     6
-2.4552	     7
-2.4442	     6
-2.4332	     7
-2.4222	     6
-2.4112	     7
-2.4002	     6
-2.3892	     7
-2.3782	     6
-2.3672	     7
-2.3562	     6
-2.3452	     7
-2.3342	     6
-2.3232	     7
-2.3122	     6
-2.3012	     7
-2.2902	     6
-2.2792	     7
-2.2682	     6
-2.2572	     7
-2.2462	     6
-2.2352	     7
-2.2242	     6
-2.2132	     7
-2.2022	     6
-2.1912	     6
-2.1802	     6
-2.1692	     7
-2.1582	     6
-2.1472	     6
-2.1362	     6
-2.1252	     6
-2.1142	     6
-2.1032	     7
-2.0922	     6
-2.0812	     7
-2.0702	     6
-2.0592	     7
-2.0482	     6
-2.0372	     7
-2.0262	     6
-2.0152	     7
-2.0042	     6
-1.9932	     6
-1.9822	     6
-1.9712	     6
-1.9602	     6
-1.9492	     6
-1.9382	     6
-1.9272	     7
-1.9162	     6
-1.9052	     7
-1.8942	     6
-1.8832	     6
-1.8722	     6
-1.8612	     7
-1.8502	     6
-1.8392	     7
-1.8282	     6
-1.8172	     7
-1.8062	     6
-1.7952	     7
-1.7842	     6
-1.7732	     7
-1.7622	     6
-1.7512	     7
-1.7402	     6
-1.7292	     7
-1.7182	     6
-1.7072	     7
-1.6962	     6
-1.6852	     6
-1.6742	     6
-1.6632	     7
-1.6522	     6
-1.6412	     7
-1.6302	     6
-1.6192	     7
-1.6082	     6
-1.5972	     7
-1.5862	     6
-1.5752	     7
-1.5642	     6
-1.5532	     7
-1.5422	     6
-1.5312	     7
-1.5202	     6
-1.5092	     7
-1.4982	     6
-1.4872	     7
-1.4762	     6
-1.4652	     7
-1.4542	     7
-1.4432	     7
-1.4322	     7
-1.4212	     7
-1.4102	     7
-1.3992	     7
-1.3882	     7
-1.3772	     7
-1.3662	     7
-1.3552	     7
-1.3442	     7
-1.3332	     7
-1.3222	     7
-1.3112	     7
-1.3002	     7
-1.2892	     7
-1.2782	     7
-1.2672	     7
-1.2562	     7
-1.2452	     7
-1.2342	     7
-1.2232	     7
-1.2122	     7
-1.2012	     7
-1.1902	     7
-1.1792	     7
-1.1682	     7
-1.1572	     7
-1.1462	     7
-1.1352	     7
-1.1242	     7
-1.1132	     7
-1.1022	     7
-1.0912	     7
-1.0802	     6
-1.0692	     7
-1.0582	     7
-1.0472	     7
-1.0362	     6
-1.0252	     7
-1.0142	     7
-1.0032	     7
-0.9922	     7
-0.9812	     7
-0.9702	     7
-0.9592	     7
-0.9482	     7
-0.9372	     7
-0.9262	     7
-0.9152	     7
-0.9042	     7
-0.8932	     7
-0.8822	     7
-0.8712	     7
-0.8602	     7
-0.8492	     7
-0.8382	     7
-0.8272	     7
-0.8162	     7
-0.8052	     7
-0.7942	     7
-0.7832	     7
-0.7722	     7
-0.7612	     7
-0.7502	     7
-0.7392	     7
-0.7282	     7
-0.7172	     7
-0.7062	     7
-0.6952	     7
-0.6842	     7
-0.6732	     8
-0.6622	     7
-0.6512	     7
-0.6402	     7
-0.6292	     8
-0.6182	     7
-0.6072	     8
-0.5962	     7
-0.5852	     8
-0.5742	     7
-0.5632	     7
-0.5522	     7
-0.5412	     7
-0.5302	     7
-0.5192	     7
-0.5082	     7
-0.4972	     8
-0.4862	     7
-0.4752	     7
-0.4642	     7
-0.4532	     7
-0.4422	     7
-0.4312	     8
-0.4202	     7
-0.4092	     8
-0.3982	     7
-0.3872	     8
-0.3762	     7
-0.3652	     8
-0.3542	     7
-0.3432	     8
-0.3322	     7
-0.3212	     8
-0.3102	     8
-0.2992	     9
-0.2882	     9
-0.2772	     9
-0.2662	    10
-0.2552	    11
-0.2442	    11
-0.2332	    13
-0.2222	    14
-0.2112	    17
-0.2002	    20
-0.1892	    23
-0.1782	    26
-0.1672	    29
-0.1562	    32
-0.1452	    37
-0.1342	    41
-0.1232	    45
-0.1122	    50
-0.1012	    55
-0.0902	    60
-0.0792	    63
-0.0682	    68
-0.0572	    73
-0.0462	    79
-0.0352	    83
-0.0242	    90
-0.0132	    94
-0.0022	    99
0.0088	   105
0.0198	   111
0.0308	   115
0.0418	   120
0.0528	   125
0.0638	   130
0.0748	   135
0.0858	   139
0.0968	   143
0.1078	   147
0.1188	   151
0.1298	   154
0.1408	   159
0.1518	   163
0.1628	   167
0.1738	   172
0.1848	   175
0.1958	   177
0.2068	   182
0.2178	   183
0.2288	   186
0.2398	   188
0.2508	   189
0.2618	   191
0.2728	   191
0.2838	   191
0.2948	   193
0.3058	   193
0.3168	   194
0.3278	   193
0.3388	   193
0.3498	   190
0.3608	   193
0.3718	   190
0.3828	   190
0.3938	   189
0.4048	   187
0.4158	   186
0.4268	   184
0.4378	   182
0.4488	   180
0.4598	   175
0.4708	   172
0.4818	   166
0.4928	   163
0.5038	   158
0.5148	   156
0.5258	   150
0.5368	   148
0.5478	   142
0.5588	   137
0.5698	   131
0.5808	   124
0.5918	   116
0.6028	   113
0.6138	   105
0.6248	   102
0.6358	    96
0.6468	    90
0.6578	    83
0.6688	    79
0.6798	    73
0.6908	    70
0.7018	    65
0.7128	    63
0.7238	    58
0.7348	    55
0.7458	    50
0.7568	    47
0.7678	    43
0.7788	    42
0.7898	    38
0.8008	    37
0.8118	    32
0.8228	    31
0.8338	    26
0.8448	    25
0.8558	    22
0.8668	    20
0.8778	    18
0.8888	    16
0.8998	    14
0.9108	    13
0.9218	    12
0.9328	    11
0.9438	    10
0.9548	    10
0.9658	     9
0.9768	     9
0.9878	     8
0.9988	     9
1.0098	     8
1.0208	     8
1.0318	     8
1.0428	     8
1.0538	     8
1.0648	     8
1.0758	     7
1.0868	     8
1.0978	     7
1.1088	     8
1.1198	     7
1.1308	     7
1.1418	     7
1.1528	     7
1.1638	     7
1.1748	     7
1.1858	     7
1.1968	     7
1.2078	     7
1.2188	     7
1.2298	     7
1.2408	     7
1.2518	     7
1.2628	     7
1.2738	     7
1.2848	     7
1.2958	     7
1.3068	     7
1.3178	     7
1.3288	     7
1.3398	     7
1.3508	     7
1.3618	     7
1.3728	     7
1.3838	     7
1.3948	     7
1.4058	     7
1.4168	     7
1.4278	     7
1.4388	     7
1.4498	     7
1.4608	     7
1.4718	     7
1.4828	     7
1.4938	     7
1.5048	     7
1.5158	     6
1.5268	     7
1.5378	     7
1.5488	     7
1.5598	     7
1.5708	     7
1.5818	     7
1.5928	     7
1.6038	     7
1.6148	     7
1.6258	     7
1.6368	     7
1.6478	     7
1.6588	     7
1.6698	     7
1.6808	     7
1.6918	     6
1.7028	     7
1.7138	     7
1.7248	     7
1.7358	     6
1.7468	     7
1.7578	     6
1.7688	     7
1.7798	     6
1.7908	     7
1.8018	     7
1.8128	     7
1.8238	     6
1.8348	     7
1.8458	     7
1.8568	     7
1.8678	     6
1.8788	     7
1.8898	     7
1.9008	     7
1.9118	     6
1.9228	     7
1.9338	     6
1.9448	     7
1.9558	     6
1.9668	     7
1.9778	     7
1.9888	     7
1.9998	     6
2.0108	     7
2.0218	     7
2.0328	     7
2.0438	     7
2.0548	     7
2.0658	     7
2.0768	     7
2.0878	     7
2.0988	     7
2.1098	     7
2.1208	     7
2.1318	     7
2.1428	     7
2.1538	     7
2.1648	     7
2.1758	     7
2.1868	     7
2.1978	     7
2.2088	     8
2.2198	     7
2.2308	     7
2.2418	     7
2.2528	     7
2.2638	     6
2.2748	     7
2.2858	     7
2.2968	     7
2.3078	     6
2.3188	     7
2.3298	     7
2.3408	     7
2.3518	     6
2.3628	     6
2.3738	     6
2.3848	     7
2.3958	     6
2.4068	     7
2.4178	     6
2.4288	     7
2.4398	     6
2.4508	     7
2.4618	     6
2.4728	     7
2.4838	     6
2.4948	     7
2.5058	     6
2.5168	     7
2.5278	     6
2.5388	     7
2.5498	     6
2.5608	     7
2.5718	     6
2.5828	     7
2.5938	     6
2.6048	     7
2.6158	     6
2.6268	     7
2.6378	     6
2.6488	     7
2.6598	     6
2.6708	     7
2.6818	     6
2.6928	     7
2.7038	     6
2.7148	     7
2.7258	     6
2.7368	     7
2.7478	     6
2.7588	     7
2.7698	     6
2.7808	     7
2.7918	     6
2.8028	     6
2.8138	     6
2.8248	     6
2.8358	     6
2.8468	     7
2.8578	     6
2.8688	     7
2.8798	     6
2.8908	     7
2.9018	     6
2.9128	     6
2.9238	     6
2.9348	     7
2.9458	     6
2.9568	     7
2.9678	     6
2.9788	     7
2.9898	     6
3.0008	     6
3.0118	     6
3.0228	     7
3.0338	     6
3.0448	     7
3.0558	     6
3.0668	     6
3.0778	     6
3.0888	     6
3.0998	     6
3.1108	     7
3.1218	     6
3.1328	     7
3.1438	     6
3.1548	     7
3.1658	     6
3.1768	     7
3.1878	     6
3.1988	     7
3.2098	     6
3.2208	     7
3.2318	     6
3.2428	     7
3.2538	     6
3.2648	     6
3.2758	     6
3.2868	     7
3.2978	     6
3.3088	     7
3.3198	     6
3.3308	     6
3.3418	     6
3.3528	     7
3.3638	     6
3.3748	     7
3.3858	     6
3.3968	     7
3.4078	     6
3.4188	     6
3.4298	     5
3.4408	     6
3.4518	     6
3.4628	     7
3.4738	     6
3.4848	     7
3.4958	     6
3.5068	     6
3.5178	     6
3.5288	     6
3.5398	     6
3.5508	     6
3.5618	     6
3.5728	     7
3.5838	     6
3.5948	     6
3.6058	     6
3.6168	     7
3.6278	     6
3.6388	     7
3.6498	     6
3.6608	     7
3.6718	     6
3.6828	     7
3.6938	     6
3.7048	     7
3.7158	     6
3.7268	     7
3.7378	     6
3.7488	     7
3.7598	     6
3.7708	     6
3.7818	     6
3.7928	     6
3.8038	     6
3.8148	     7
3.8258	     6
3.8368	     7
3.8478	     6
3.8588	     6
3.8698	     6
3.8808	     7
3.8918	     6
3.9028	     7
3.9138	     6
3.9248	     7
3.9358	     6
3.9468	     6
3.9578	     6
3.9688	     6
3.9798	     6
3.9908	     6
4.0018	     6
4.0128	     6
4.0238	     6
4.0348	     6
4.0458	     6
4.0568	     6
4.0678	     6
4.0788	     7
4.0898	     6
4.1008	     7
4.1118	     6
4.1228	     7
4.1338	     6
4.1448	     7
4.1558	     6
4.1668	     7
4.1778	     6
4.1888	     7
4.1998	     6
4.2108	     6
4.2218	     6
4.2328	     6
4.2438	     6
4.2548	     7
4.2658	     6
4.2768	     7
4.2878	     6
4.2988	     6
4.3098	     6
4.3208	     7
4.3318	     6
4.3428	     7
4.3538	     6
4.3648	     7
4.3758	     6
4.3868	     7
4.3978	     6
4.4088	     6
4.4198	     6
4.4308	     6
4.4418	     6
4.4528	     7
4.4638	     6
4.4748	     6
4.4858	     6
4.4968	     6
4.5078	     6
4.5188	     6
4.5298	     6
4.5408	     7
4.5518	     6
4.5628	     6
4.5738	     6
4.5848	     6
4.5958	     6
4.6068	     7
4.6178	     6
4.6288	     7
4.6398	     6
4.6508	     6
4.6618	     6
4.6728	     6
4.6838	     6
4.6948	     6
4.7058	     6
4.7168	     6
4.7278	     6
4.7388	     6
4.7498	     6
4.7608	     6
4.7718	     6
4.7828	     7
4.7938	     6
4.8048	     7
4.8158	     6
4.8268	     7
4.8378	     6
4.8488	     6
4.8598	     6
4.8708	     7
4.8818	     6
4.8928	     7
4.9038	     6
4.9148	     6
4.9258	     6
4.9368	     6
4.9478	     6
4.9588	     6
4.9698	     6
4.9808	     7
4.9918	     6
5.0028	     6
5.0138	     6
5.0248	     6
5.0358	     6
5.0468	     6
5.0578	     6
5.0688	     7
5.0798	     6
5.0908	     6
5.1018	     5
5.1128	     6
5.1238	     6
5.1348	     6
5.1458	     6
5.1568	     6
5.1678	     6
5.1788	     6
5.1898	     6
5.2008	     6
5.2118	     6
5.2228	     6
5.2338	     6
5.2448	     7
5.2558	     6
5.2668	     6
5.2778	     6
5.2888	     6
5.2998	     6
5.3108	     7
5.3218	     6
5.3328	     7
5.3438	     6
5.3548	     6
5.3658	     6
5.3768	     6
5.3878	     6
5.3988	     6
5.4098	     6
5.4208	     7
5.4318	     6
5.4428	     6
5.4538	     6
5.4648	     6
5.4758	     6
5.4868	     7
5.4978	     6
5.5088	     7
5.5198	     6
5.5308	     6
5.5418	     6
5.5528	     6
5.5638	     6
5.5748	     7
5.5858	     6
5.5968	     7
5.6078	     6
5.6188	     6
5.6298	     6
5.6408	     6
5.6518	     6
5.6628	     6
5.6738	     6
5.6848	     6
5.6958	     6
5.7068	     6
5.7178	     6
5.7288	     6
5.7398	     6
5.7508	     6
5.7618	     6
5.7728	     7
5.7838	     6
5.7948	     6
5.8058	     6
5.8168	     6
5.8278	     6
5.8388	     7
5.8498	     6
5.8608	     7
5.8718	     6
5.8828	     6
5.8938	     6
5.9048	     6
5.9158	     6
5.9268	     6
5.9378	     6
5.9488	     6
5.9598	     6
5.9708	     6
5.9818	     6
5.9928	     6
6.0038	     6
6.0148	     7
6.0258	     6
6.0368	     7
6.0478	     6
6.0588	     7
6.0698	     6
6.0808	     6
6.0918	     6
6.1028	     6
6.1138	     6
6.1248	     6
6.1358	     6
6.1468	     6
6.1578	     6
6.1688	     6
6.1798	     6
6.1908	     7
6.2018	     6
6.2128	     7
6.2238	     6
6.2348	     6
6.2458	     5
6.2568	     6
6.2678	     6
6.2788	     7
6.2898	     6
6.3008	     7
6.3118	     6
6.3228	     6
6.3338	     6
6.3448	     6
6.3558	     6
6.3668	     6
6.3778	     6
6.3888	     6
6.3998	     6
6.4108	     6
6.4218	     6
6.4328	     6
6.4438	     6
6.4548	     6
6.4658	     6
6.4768	     7
6.4878	     6
6.4988	     6
6.5098	     6
6.5208	     6
6.5318	     6
6.5428	     6
6.5538	     5
6.5648	     6
6.5758	     6
6.5868	     6
6.5978	     6
6.6088	     6
6.6198	     6
6.6308	     6
6.6418	     6
6.6528	     7
6.6638	     6
6.6748	     6
6.6858	     5
6.6968	     6
6.7078	     6
6.7188	     7
6.7298	     6
6.7408	     7
6.7518	     6
6.7628	     6
6.7738	     6
6.7848	     6
6.7958	     6
6.8068	     6
6.8178	     6
6.8288	     6
6.8398	     6
6.8508	     6
6.8618	     6
6.8728	     6
6.8838	     6
6.8948	     6
6.9058	     6
6.9168	     6
6.9278	     6
6.9388	     6
6.9498	     6
6.9608	     6
6.9718	     6
6.9828	     7
6.9938	     6
7.0048	     7
7.0158	     6
7.0268	     6
7.0378	     6
7.0488	     6
7.0598	     6
7.0708	     6
7.0818	     6
7.0928	     6
7.1038	     6
7.1148	     6
7.1258	     6
7.1368	     6
7.1478	     6
7.1588	     7
7.1698	     5
7.1808	     7
7.1918	     6
7.2028	     7
7.2138	     6
7.2248	     6
7.2358	     6
7.2468	     6
7.2578	     6
7.2688	     7
7.2798	     6
7.2908	     6
7.3018	     6
7.3128	     6
7.3238	     6
7.3348	     6
7.3458	     6
7.3568	     6
7.3678	     6
7.3788	     6
7.3898	     6
7.4008	     6
7.4118	     6
7.4228	     6
7.4338	     5
7.4448	     7
7.4558	     6
7.4668	     6
7.4778	     5
7.4888	     6
7.4998	     6
7.5108	     6
7.5218	     6
7.5328	     6
7.5438	     6
7.5548	     6
7.5658	     6
7.5768	     6
7.5878	     6
7.5988	     6
7.6098	     6
7.6208	     6
7.6318	     6
7.6428	     6
7.6538	     6
7.6648	     6
7.6758	     6
7.6868	     7
7.6978	     6
7.7088	     7
7.7198	     6
7.7308	     6
7.7418	     6
7.7528	     6
7.7638	     6
7.7748	     6
7.7858	     6
7.7968	     6
7.8078	     6
7.8188	     6
7.8298	     6
7.8408	     6
7.8518	     6
7.8628	     6
7.8738	     6
7.8848	     7
7.8958	     6
7.9068	     6
7.9178	     5
7.9288	     6
7.9398	     6
7.9508	     7
7.9618	     6
7.9728	     6
7.9838	     6
7.9948	     6
8.0058	     6
8.0168	     6
8.0278	     6
8.0388	     6
8.0498	     6
8.0608	     6
8.0718	     6
8.0828	     6
8.0938	     5
8.1048	     6
8.1158	     6
8.1268	     7
8.1378	     5
8.1488	     7
8.1598	     6
8.1708	     6
8.1818	     6
8.1928	     6
8.2038	     6
8.2148	     6
8.2258	     6
8.2368	     6
8.2478	     6
8.2588	     6
8.2698	     6
8.2808	     6
8.2918	     6
8.3028	     6
8.3138	     6
8.3248	     7
8.3358	     6
8.3468	     6
8.3578	     6
8.3688	     6
8.3798	     6
8.3908	     6
8.4018	     5
8.4128	     6
8.4238	     6
8.4348	     6
8.4458	     6
8.4568	     6
8.4678	     6
8.4788	     6
8.4898	     6
8.5008	     6
8.5118	     6
8.5228	     6
8.5338	     6
8.5448	     6
8.5558	     6
8.5668	     6
8.5778	     6
8.5888	     6
8.5998	     6
8.6108	     6
8.6218	     6
8.6328	     7
8.6438	     6
8.6548	     6
8.6658	     5
8.6768	     6
8.6878	     6
8.6988	     6
8.7098	     6
8.7208	     6
8.7318	     6
8.7428	     6
8.7538	     6
8.7648	     6
8.7758	     6
8.7868	     6
8.7978	     6
8.8088	     6
8.8198	     6
8.8308	     6
8.8418	     5
8.8528	     7
8.8638	     6
8.8748	     6
8.8858	     6
8.8968	     6
8.9078	     6
8.9188	     6
8.9298	     6
8.9408	     6
8.9518	     6
8.9628	     6
8.9738	     6
8.9848	     6
8.9958	     6
9.0068	     6
9.0178	     6
9.0288	     6
9.0398	     6
9.0508	     6
9.0618	     6
9.0728	     6
9.0838	     5
9.0948	     6
9.1058	     5
9.1168	     7
9.1278	     6
9.1388	     6
9.1498	     6
9.1608	     6
9.1718	     6
9.1828	     6
9.1938	     6
9.2048	     6
9.2158	     6
9.2268	     6
9.2378	     6
9.2488	     6
9.2598	     6
9.2708	     6
9.2818	     6
9.2928	     6
9.3038	     6
9.3148	     6
9.3258	     5
9.3368	     6
9.3478	     6
9.3588	     7
9.3698	     6
9.3808	     7
9.3918	     6
9.4028	     6
9.4138	     6
9.4248	     6
9.4358	     6
9.4468	     6
9.4578	     6
9.4688	     6
9.4798	     6
9.4908	     6
9.5018	     6
9.5128	     6
9.5238	     6
9.5348	     7
9.5458	     6
9.5568	     7
9.5678	     6
9.5788	     6
9.5898	     5
9.6008	     6
9.6118	     6
9.6228	     6
9.6338	     5
9.6448	     6
9.6558	     6
9.6668	     6
9.6778	     6
9.6888	     6
9.6998	     6
9.7108	     6
9.7218	     6
9.7328	     6
9.7438	     6
9.7548	     6
9.7658	     6
9.7768	     6
9.7878	     6
9.7988	     7
9.8098	     5
9.8208	     7
9.8318	     6
9.8428	     6
9.8538	     6
9.8648	     6
9.8758	     6
9.8868	     6
9.8978	     6
9.9088	     6
9.9198	     6
9.9308	     6
9.9418	     6
9.9528	     6
9.9638	     6
9.9748	     6
9.9858	     5
9.9968	     6
10.0078	     6
10.0188	     6
10.0298	     6
10.0408	     6
10.0518	     6
10.0628	     6
10.0738	     5
10.0848	     7
10.0958	     6
10.1068	     6
10.1178	     6
10.1288	     6
10.1398	     6
10.1508	     6
10.1618	     6
10.1728	     6
10.1838	     6
10.1948	     6
10.2058	     6
10.2168	     6
10.2278	     6
10.2388	     6
10.2498	     5
10.2608	     7
10.2718	     6
10.2828	     6
10.2938	     5
10.3048	     6
10.3158	     6
10.3268	     7
10.3378	     6
10.3488	     6
10.3598	     6
10.3708	     6
10.3818	     6
10.3928	     6
10.4038	     6
10.4148	     6
10.4258	     6
10.4368	     6
10.4478	     6
10.4588	     6
10.4698	     6
10.4808	     6
10.4918	     6
10.5028	     6
10.5138	     6
10.5248	     7
10.5358	     6
10.5468	     6
10.5578	     6
10.5688	     6
10.5798	     6
10.5908	     7
10.6018	     6
10.6128	     6
10.6238	     6
10.6348	     6
10.6458	     6
10.6568	     6
10.6678	     6
10.6788	     7
10.6898	     6
10.7008	     7
10.7118	     6
10.7228	     7
10.7338	     6
10.7448	     7
10.7558	     6
10.7668	     7
10.7778	     6
10.7888	     7
10.7998	     6
10.8108	     7
10.8218	     6
10.8328	     7
10.8438	     7
10.8548	     7
10.8658	     6
10.8768	     7
10.8878	     7
10.8988	     7
10.9098	     6
10.9208	     7
10.9318	     6
10.9428	     7
10.9538	     6
10.9648	     7
10.9758	     6
10.9868	     7
10.9978	     6
11.0088	     7
11.0198	     6
11.0308	     7
11.0418	     6
11.0528	     7
11.0638	     6
11.0748	     7
11.0858	     6
11.0968	     7
11.1078	     6
11.1188	     7
11.1298	     6
11.1408	     7
11.1518	     6
11.1628	     7
11.1738	     6
11.1848	     7
11.1958	     6
11.2068	     7
11.2178	     6
11.2288	     7
11.2398	     6
11.2508	     7
11.2618	     6
11.2728	     7
11.2838	     6
11.2948	     7
11.3058	     6
11.3168	     7
11.3278	     6
11.3388	     7
11.3498	     6
11.3608	     7
11.3718	     7
11.3828	     7
11.3938	     6
11.4048	     7
11.4158	     6
11.4268	     7
11.4378	     6
11.4488	     7
11.4598	     6
11.4708	     7
11.4818	     6
11.4928	     7
11.5038	     6
11.5148	     7
11.5258	     7
11.5368	     7
11.5478	     7
11.5588	     7
11.5698	     7
11.5808	     7
11.5918	     7
11.6028	     7
11.6138	     7
11.6248	     7
11.6358	     7
11.6468	     7
11.6578	     7
11.6688	     7
11.6798	     7
11.6908	     7
11.7018	     7
11.7128	     8
11.7238	     7
11.7348	     8
11.7458	     7
11.7568	     8
11.7678	     7
11.7788	     8
11.7898	     7
11.8008	     8
11.8118	     8
11.8228	     8
11.8338	     8
11.8448	     9
11.8558	     8
11.8668	     9
11.8778	     9
11.8888	     9
11.8998	     9
11.9108	    10
11.9218	     9
11.9328	    10
11.9438	     9
11.9548	    10
11.9658	     9
11.9768	    10
11.9878	    10
11.9988	    10
12.0098	    10
12.0208	    11
12.0318	    11
12.0428	    11
12.0538	    12
12.0648	    13
12.0758	    14
12.0868	    16
12.0978	    18
12.1088	    21
12.1198	    23
12.1308	    27
12.1418	    29
12.1528	    34
12.1638	    38
12.1748	    44
12.1858	    50
12.1968	    55
12.2078	    62
12.2188	    67
12.2298	    75
12.2408	    80
12.2518	    87
12.2628	    93
12.2738	    99
12.2848	   106
12.2958	   115
12.3068	   121
12.3178	   127
12.3288	   134
12.3398	   138
12.3508	   143
12.3618	   148
12.3728	   152
12.3838	   154
12.3948	   158
12.4058	   159
12.4168	   163
12.4278	   163
12.4388	   165
12.4498	   164
12.4608	   165
12.4718	   161
12.4828	   163
12.4938	   161
12.5048	   159
12.5158	   153
12.5268	   150
12.5378	   146
12.5488	   143
12.5598	   137
12.5708	   135
12.5818	   129
12.5928	   125
12.6038	   120
12.6148	   117
12.6258	   111
12.6368	   110
12.6478	   105
12.6588	   102
12.6698	    99
12.6808	    97
12.6918	    91
12.7028	    88
12.7138	    83
12.7248	    79
12.7358	    73
12.7468	    71
12.7578	    66
12.7688	    62
12.7798	    57
12.7908	    54
12.8018	    49
12.8128	    46
12.8238	    41
12.8348	    38
12.8458	    35
12.8568	    33
12.8678	    30
12.8788	    29
12.8898	    25
12.9008	    24
12.9118	    22
12.9228	    21
12.9338	    19
12.9448	    19
12.9558	    17
12.9668	    16
12.9778	    14
12.9888	    15
12.9998	    13
13.0108	    13
13.0218	    12
13.0328	    11
13.0438	    11
13.0548	    11
13.0658	    10
13.0768	    11
13.0878	     9
13.0988	    10
13.1098	     9
13.1208	     9
13.1318	     9
13.1428	     9
13.1538	     8
13.1648	     9
13.1758	     8
13.1868	     8
13.1978	     8
13.2088	     8
13.2198	     8
13.2308	     8
13.2418	     7
13.2528	     8
13.2638	     7
13.2748	     7
13.2858	     7
13.2968	     7
13.3078	     7
13.3188	     7
13.3298	     7
13.3408	     7
13.3518	     7
13.3628	     7
13.3738	     7
13.3848	     7
13.3958	     7
13.4068	     7
13.4178	     7
13.4288	     7
13.4398	     7
13.4508	     7
13.4618	     7
13.4728	     7
13.4838	     7
13.4948	     7
13.5058	     6
13.5168	     7
13.5278	     7
13.5388	     7
13.5498	     6
13.5608	     7
13.5718	     6
13.5828	     7
13.5938	     6
13.6048	     7
13.6158	     6
13.6268	     7
13.6378	     6
13.6488	     7
13.6598	     6
13.6708	     7
13.6818	     6
13.6928	     7
13.7038	     6
13.7148	     6
13.7258	     6
13.7368	     7
13.7478	     6
13.7588	     7
13.7698	     6
13.7808	     7
13.7918	     6
13.8028	     7
13.8138	     6
13.8248	     7
13.8358	     6
13.8468	     7
13.8578	     6
13.8688	     7
13.8798	     6
13.8908	     6
13.9018	     6
13.9128	     7
13.9238	     6
13.9348	     7
13.9458	     6
13.9568	     7
13.9678	     6
13.9788	     6
13.9898	     6
14.0008	     6
14.0118	     6
14.0228	     7
14.0338	     6
14.0448	     7
14.0558	     6
14.0668	     7
14.0778	     6
14.0888	     7
14.0998	     6
14.1108	     7
14.1218	     6
14.1328	     7
14.1438	     6
14.1548	     7
14.1658	     6
14.1768	     7
14.1878	     6
14.1988	     7
14.2098	     6
14.2208	     7
14.2318	     6
14.2428	     7
14.2538	     6
14.2648	     7
14.2758	     6
14.2868	     7
14.2978	     6
14.3088	     7
14.3198	     6
14.3308	     7
14.3418	     6
14.3528	     7
14.3638	     6
14.3748	     7
14.3858	     6
14.3968	     7
14.4078	     6
14.4188	     7
14.4298	     6
14.4408	     7
14.4518	     6
14.4628	     7
14.4738	     6
14.4848	     7
14.4958	     6
14.5068	     7
14.5178	     6
14.5288	     7
14.5398	     6
14.5508	     7
14.5618	     6
14.5728	     7
14.5838	     6
14.5948	     6
14.6058	     6
14.6168	     6
14.6278	     6
14.6388	     6
14.6498	     6
14.6608	     6
14.6718	     6
14.6828	     6
14.6938	     6
14.7048	     6
14.7158	     6
14.7268	     6
14.7378	     6
14.7488	     7
14.7598	     6
14.7708	     6
14.7818	     6
14.7928	     6
14.8038	     6
14.8148	     6
14.8258	     5
14.8368	     7
14.8478	     6
14.8588	     6
14.8698	     6
14.8808	     6
14.8918	     6
14.9028	     6
14.9138	     6
14.9248	     6
14.9358	     6
14.9468	     6
14.9578	     6
14.9688	     6
14.9798	     6
14.9908	     6
15.0018	     6
15.0128	     7
15.0238	     6
15.0348	     7
15.0458	     6
15.0568	     6
15.0678	     6
15.0788	     7
15.0898	     6
15.1008	     7
15.1118	     6
15.1228	     6
15.1338	     6
15.1448	     6
15.1558	     6
15.1668	     6
15.1778	     6
15.1888	     7
15.1998	     6
15.2108	     6
15.2218	     6
15.2328	     6
15.2438	     6
15.2548	     6
15.2658	     6
15.2768	     7
15.2878	     6
15.2988	     6
15.3098	     6
15.3208	     6
15.3318	     6
15.3428	     6
15.3538	     6
15.3648	     6
15.3758	     6
15.3868	     6
15.3978	     6
15.4088	     6
15.4198	     6
15.4308	     6
15.4418	     6
15.4528	     6
15.4638	     6
15.4748	     6
15.4858	     5
15.4968	     6
15.5078	     6
15.5188	     6
15.5298	     6
15.5408	     6
15.5518	     6
15.5628	     6
15.5738	     6
15.5848	     6
15.5958	     6
15.6068	     6
15.6178	     6
15.6288	     6
15.6398	     6
15.6508	     6
15.6618	     6
15.6728	     6
15.6838	     6
15.6948	     6
15.7058	     5
15.7168	     7
15.7278	     5
15.7388	     6
15.7498	     5
15.7608	     6
15.7718	     6
15.7828	     6
15.7938	     5
15.8048	     6
15.8158	     6
15.8268	     6
15.8378	     6
15.8488	     6
15.8598	     6
15.8708	     6
15.8818	     6
15.8928	     6
15.9038	     6
15.9148	     6
15.9258	     5
15.9368	     6
15.9478	     6
15.9588	     7
15.9698	     5
15.9808	     7
15.9918	     5
16.0028	     6
16.0138	     5
16.0248	     6
16.0358	     6
16.0468	     6
16.0578	     6
16.0688	     6
16.0798	     6
16.0908	     6
16.1018	     6
16.1128	     6
16.1238	     6
16.1348	     6
16.1458	     6
16.1568	     6
16.1678	     5
16.1788	     6
16.1898	     5
16.2008	     6
16.2118	     5
16.2228	     6
16.2338	     5
16.2448	     6
16.2558	     6
16.2668	     6
16.2778	     6
16.2888	     6
16.2998	     6
16.3108	     6
16.3218	     6
16.3328	     6
16.3438	     6
16.3548	     6
16.3658	     6
16.3768	     6
16.3878	     6
16.3988	     6
16.4098	     5
16.4208	     6
16.4318	     6
16.4428	     6
16.4538	     5
16.4648	     6
16.4758	     5
16.4868	     6
16.4978	     6
16.5088	     6
16.5198	     6
16.5308	     6
16.5418	     6
16.5528	     6
16.5638	     6
16.5748	     6
16.5858	     6
16.5968	     6
16.6078	     6
16.6188	     6
16.6298	     6
16.6408	     6
16.6518	     5
16.6628	     6
16.6738	     5
16.6848	     6
16.6958	     6
16.7068	     6
16.7178	     5
16.7288	     6
16.7398	     6
16.7508	     6
16.7618	     6
16.7728	     6
16.7838	     6
16.7948	     6
16.8058	     6
16.8168	     6
16.8278	     6
16.8388	     6
16.8498	     5
16.8608	     6
16.8718	     5
16.8828	     6
16.8938	     5
16.9048	     6
16.9158	     5
16.9268	     6
16.9378	     5
16.9488	     6
16.9598	     5
16.9708	     6
16.9818	     5
16.9928	     6
17.0038	     6
17.0148	     6
17.0258	     6
17.0368	     6
17.0478	     6
17.0588	     6
17.0698	     5
17.0808	     6
17.0918	     6
17.1028	     6
17.1138	     5
17.1248	     6
17.1358	     5
17.1468	     6
17.1578	     5
17.1688	     6
17.1798	     6
17.1908	     6
17.2018	     5
17.2128	     6
17.2238	     6
17.2348	     6
17.2458	     6
17.2568	     6
17.2678	     6
17.2788	     6
17.2898	     6
17.3008	     6
17.3118	     6
17.3228	     6
17.3338	     5
17.3448	     6
17.3558	     6
17.3668	     6
17.3778	     5
17.3888	     6
17.3998	     5
17.4108	     6
17.4218	     5
17.4328	     6
17.4438	     6
17.4548	     6
17.4658	     5
17.4768	     6
17.4878	     6
17.4988	     6
17.5098	     5
17.5208	     6
17.5318	     6
17.5428	     6
17.5538	     5
17.5648	     6
17.5758	     5
17.5868	     6
17.5978	     5
17.6088	     6
17.6198	     6
17.6308	     6
17.6418	     5
17.6528	     6
17.6638	     5
17.6748	     6
17.6858	     5
17.6968	     6
17.7078	     6
17.7188	     6
17.7298	     6
17.7408	     6
17.7518	     6
17.7628	     6
17.7738	     5
17.7848	     6
17.7958	     6
17.8068	     6
17.8178	     5
17.8288	     6
17.8398	     5
17.8508	     6
17.8618	     5
17.8728	     6
17.8838	     5
17.8948	     6
17.9058	     5
17.9168	     6
17.9278	     6
17.9388	     6
17.9498	     5
17.9608	     6
17.9718	     6
17.9828	     6
17.9938	     6
18.0048	     6
18.0158	     6
18.0268	     6
18.0378	     5
18.0488	     6
18.0598	     5
18.0708	     6
18.0818	     5
18.0928	     6
18.1038	     5
18.1148	     6
18.1258	     5
18.1368	     6
18.1478	     5
18.1588	     6
18.1698	     5
18.1808	     6
18.1918	     6
18.2028	     6
18.2138	     6
18.2248	     6
18.2358	     6
18.2468	     6
18.2578	     5
18.2688	     6
18.2798	     5
18.2908	     6
18.3018	     5
18.3128	     6
18.3238	     5
18.3348	     6
18.3458	     5
18.3568	     6
18.3678	     5
18.3788	     6
18.3898	     5
18.4008	     6
18.4118	     6
18.4228	     6
18.4338	     5
18.4448	     6
18.4558	     6
18.4668	     6
18.4778	     6
18.4888	     6
18.4998	     6
18.5108	     6
18.5218	     5
18.5328	     6
18.5438	     6
18.5548	     6
18.5658	     5
18.5768	     6
18.5878	     5
18.5988	     6
18.6098	     5
18.6208	     6
18.6318	     5
18.6428	     6
18.6538	     5
18.6648	     6
18.6758	     6
18.6868	     6
18.6978	     5
18.7088	     6
18.7198	     6
18.7308	     6
18.7418	     5
18.7528	     6
18.7638	     5
18.7748	     6
18.7858	     5
18.7968	     6
18.8078	     5
18.8188	     6
18.8298	     5
18.8408	     6
18.8518	     6
18.8628	     6
18.8738	     5
18.8848	     6
18.8958	     6
18.9068	     6
18.9178	     6
18.9288	     6
18.9398	     6
18.9508	     6
18.9618	     6
18.9728	     6
18.9838	     6
18.9948	     6
19.0058	     5
19.0168	     6
19.0278	     5
19.0388	     6
19.0498	     5
19.0608	     6
19.0718	     5
19.0828	     6
19.0938	     5
19.1048	     6
19.1158	     5
19.1268	     6
19.1378	     5
19.1488	     6
19.1598	     6
19.1708	     6
19.1818	     5
19.1928	     6
19.2038	     6
19.2148	     6
19.2258	     5
19.2368	     6
19.2478	     5
19.2588	     6
19.2698	     5
19.2808	     6
19.2918	     5
19.3028	     6
19.3138	     5
19.3248	     6
19.3358	     6
19.3468	     6
19.3578	     5
19.3688	     6
19.3798	     6
19.3908	     6
19.4018	     5
19.4128	     6
19.4238	     5
19.4348	     6
19.4458	     5
19.4568	     6
19.4678	     6
19.4788	     6
19.4898	     5
19.5008	     6
19.5118	     5
19.5228	     6
19.5338	     5
19.5448	     6
19.5558	     5
19.5668	     6
19.5778	     5
19.5888	     6
19.5998	     6
19.6108	     6
19.6218	     5
19.6328	     6
19.6438	     6
19.6548	     6
19.6658	     5
19.6768	     6
19.6878	     6
19.6988	     6
19.7098	     5
19.7208	     6
19.7318	     6
19.7428	     6
19.7538	     5
19.7648	     6
19.7758	     5
19.7868	     6
19.7978	     5
19.8088	     6
19.8198	     6
19.8308	     6
19.8418	     5
19.8528	     6
19.8638	     6
19.8748	     6
19.8858	     6
19.8968	     6
19.9078	     6
19.9188	     6
19.9298	     5
19.9408	     6
19.9518	     5
19.9628	     6
19.9738	     5
19.9848	     6
19.9958	     5
20.0068	     6
20.0178	     5
20.0288	     6
20.0398	     5
20.0508	     6
20.0618	     5
20.0728	     6
20.0838	     6
20.0948	     6
20.1058	     5
20.1168	     6
20.1278	     6
20.1388	     6
20.1498	     6
20.1608	     6
20.1718	     6
20.1828	     6
20.1938	     5
20.2048	     6
20.2158	     5
20.2268	     6
20.2378	     5
20.2488	     6
20.2598	     5
20.2708	     6
20.2818	     5
20.2928	     6
20.3038	     5
20.3148	     6
20.3258	     5
20.3368	     6
20.3478	     6
20.3588	     6
20.3698	     5
20.3808	     6
20.3918	     6
20.4028	     6
20.4138	     5
20.4248	     6
20.4358	     5
20.4468	     6
20.4578	     5
20.4688	     6
20.4798	     5
20.4908	     6
20.5018	     5
20.5128	     6
20.5238	     5
20.5348	     6
20.5458	     5
20.5568	     6
20.5678	     6
20.5788	     6
20.5898	     6
20.6008	     6
20.6118	     6
20.6228	     6
20.6338	     5
20.6448	     6
20.6558	     6
20.6668	     6
20.6778	     5
20.6888	     6
20.6998	     5
20.7108	     6
20.7218	     5
20.7328	     6
20.7438	     5
20.7548	     6
20.7658	     5
20.7768	     6
20.7878	     5
20.7988	     6
20.8098	     6
20.8208	     6
20.8318	     6
20.8428	     6
20.8538	     6
20.8648	     6
20.8758	     6
20.8868	     6
20.8978	     5
20.9088	     6
20.9198	     5
20.9308	     6
20.9418	     5
20.9528	     6
20.9638	     5
20.9748	     6
20.9858	     5
20.9968	     6
21.0078	     5
21.0188	     6
21.0298	     5
21.0408	     6
21.0518	     6
21.0628	     6
21.0738	     5
21.0848	     6
21.0958	     5
21.1068	     6
21.1178	     5
21.1288	     6
21.1398	     6
21.1508	     6
21.1618	     5
21.1728	     6
21.1838	     5
21.1948	     6
21.2058	     5
21.2168	     6
21.2278	     5
21.2388	     6
21.2498	     5
21.2608	     6
21.2718	     6
21.2828	     6
21.2938	     6
21.3048	     6
21.3158	     6
21.3268	     6
21.3378	     5
21.3488	     6
21.3598	     5
21.3708	     6
21.3818	     5
21.3928	     6
21.4038	     5
21.4148	     6
21.4258	     5
21.4368	     6
21.4478	     5
21.4588	     6
21.4698	     5
21.4808	     6
21.4918	     6
21.5028	     6
21.5138	     5
21.5248	     6
21.5358	     6
21.5468	     6
21.5578	     6
21.5688	     6
21.5798	     6
21.5908	     6
21.6018	     5
21.6128	     6
21.6238	     5
21.6348	     6
21.6458	     5
21.6568	     6
21.6678	     5
21.6788	     6
21.6898	     5
21.7008	     6
21.7118	     5
21.7228	     6
21.7338	     6
21.7448	     6
21.7558	     6
21.7668	     6
21.7778	     6
21.7888	     6
21.7998	     6
21.8108	     6
21.8218	     5
21.8328	     6
21.8438	     5
21.8548	     6
21.8658	     5
21.8768	     6
21.8878	     5
21.8988	     6
21.9098	     5
21.9208	     6
21.9318	     6
21.9428	     6
21.9538	     5
21.9648	     6
21.9758	     6
21.9868	     6
21.9978	     5
22.0088	     6
22.0198	     6
22.0308	     6
22.0418	     6
22.0528	     6
22.0638	     6
22.0748	     6
22.0858	     5
22.0968	     6
22.1078	     6
22.1188	     6
22.1298	     5
22.1408	     6
22.1518	     5
22.1628	     6
22.1738	     5
22.1848	     6
22.1958	     6
22.2068	     6
22.2178	     6
22.2288	     6
22.2398	     6
22.2508	     6
22.2618	     6
22.2728	     6
22.2838	     6
22.2948	     6
22.3058	     6
22.3168	     6
22.3278	     6
22.3388	     6
22.3498	     5
22.3608	     6
22.3718	     6
22.3828	     7
22.3938	     5
22.4048	     7
22.4158	     6
22.4268	     6
22.4378	     6
22.4488	     6
22.4598	     6
22.4708	     6
22.4818	     6
22.4928	     6
22.5038	     6
22.5148	     6
22.5258	     6
22.5368	     6
22.5478	     6
22.5588	     6
22.5698	     5
22.5808	     6
22.5918	     5
22.6028	     6
22.6138	     5
22.6248	     6
22.6358	     5
22.6468	     6
22.6578	     5
22.6688	     6
22.6798	     6
22.6908	     6
22.7018	     6
22.7128	     6
22.7238	     6
22.7348	     6
22.7458	     6
22.7568	     6
22.7678	     6
22.7788	     6
22.7898	     5
22.8008	     6
22.8118	     5
22.8228	     6
22.8338	     5
22.8448	     6
22.8558	     5
22.8668	     6
22.8778	     5
22.8888	     6
22.8998	     5
22.9108	     6
22.9218	     6
22.9328	     6
22.9438	     6
22.9548	     6
22.9658	     6
22.9768	     6
22.9878	     6
22.9988	     6
23.0098	     6
23.0208	     6
23.0318	     6
23.0428	     7
23.0538	     6
23.0648	     7
23.0758	     6
23.0868	     7
23.0978	     6
23.1088	     7
23.1198	     6
23.1308	     6
23.1418	     6
23.1528	     7
23.1638	     6
23.1748	     7
23.1858	     6
23.1968	     6
23.2078	     6
23.2188	     6
23.2298	     6
23.2408	     6
23.2518	     6
23.2628	     7
23.2738	     6
23.2848	     7
23.2958	     6
23.3068	     6
23.3178	     6
23.3288	     7
23.3398	     6
23.3508	     7
23.3618	     6
23.3728	     7
23.3838	     6
23.3948	     6
23.4058	     6
23.4168	     6
23.4278	     6
23.4388	     6
23.4498	     6
23.4608	     7
23.4718	     6
23.4828	     7
23.4938	     6
23.5048	     7
23.5158	     6
23.5268	     7
23.5378	     6
23.5488	     7
23.5598	     6
23.5708	     7
23.5818	     6
23.5928	     7
23.6038	     6
23.6148	     7
23.6258	     6
23.6368	     7
23.6478	     6
23.6588	     7
23.6698	     6
23.6808	     6
23.6918	     6
23.7028	     7
23.7138	     6
23.7248	     7
23.7358	     6
23.7468	     7
23.7578	     6
23.7688	     7
23.7798	     6
23.7908	     7
23.8018	     6
23.8128	     7
23.8238	     6
23.8348	     7
23.8458	     6
23.8568	     7
23.8678	     7
23.8788	     7
23.8898	     7
23.9008	     7
23.9118	     7
23.9228	     7
23.9338	     7
23.9448	     7
23.9558	     7
23.9668	     8
23.9778	     7
23.9888	     8
23.9998	     7
24.0108	     8
24.0218	     8
24.0328	     9
24.0438	     8
24.0548	     9
24.0658	     8
24.0768	     9
24.0878	     9
24.0988	     9
24.1098	     9
24.1208	     9
24.1318	    10
24.1428	    10
24.1538	    10
24.1648	    10
24.1758	    10
24.1868	    10
24.1978	    10
24.2088	    11
24.2198	    10
24.2308	    11
24.2418	    10
24.2528	    11
24.2638	    10
24.2748	    11
24.2858	    10
24.2968	    11
24.3078	    11
24.3188	    11
24.3298	    11
24.3408	    12
24.3518	    12
24.3628	    13
24.3738	    14
24.3848	    16
24.3958	    18
24.4068	    20
24.4178	    22
24.4288	    24
24.4398	    26
24.4508	    29
24.4618	    32
24.4728	    36
24.4838	    39
24.4948	    42
24.5058	    45
24.5168	    49
24.5278	    51
24.5388	    55
24.5498	    59
24.5608	    62
24.5718	    65
24.5828	    68
24.5938	    71
24.6048	    73
24.6158	    74
24.6268	    76
24.6378	    77
24.6488	    79
24.6598	    79
24.6708	    79
24.6818	    80
24.6928	    81
24.7038	    79
24.7148	    79
24.7258	    78
24.7368	    79
24.7478	    75
24.7588	    74
24.7698	    71
24.7808	    70
24.7918	    67
24.8028	    65
24.8138	    61
24.8248	    60
24.8358	    57
24.8468	    54
24.8578	    51
24.8688	    49
24.8798	    46
24.8908	    43
24.9018	    40
24.9128	    38
24.9238	    36
24.9348	    35
24.9458	    31
24.9568	    31
24.9678	    27
24.9788	    27
24.9898	    24
25.0008	    23
25.0118	    21
25.0228	    21
25.0338	    19
25.0448	    18
25.0558	    17
25.0668	    16
25.0778	    15
25.0888	    15
25.0998	    14
25.1108	    14
25.1218	    12
25.1328	    13
25.1438	    11
25.1548	    11
25.1658	    10
25.1768	    11
25.1878	    10
25.1988	    10
25.2098	     9
25.2208	    10
25.2318	     8
25.2428	     9
25.2538	     8
25.2648	     9
25.2758	     8
25.2868	     8
25.2978	     8
25.3088	     8
25.3198	     8
25.3308	     8
25.3418	     7
25.3528	     7
25.3638	     7
25.3748	     7
25.3858	     7
25.3968	     8
25.4078	     7
25.4188	     7
25.4298	     7
25.4408	     7
25.4518	     7
25.4628	     7
25.4738	     6
25.4848	     7
25.4958	     7
25.5068	     7
25.5178	     6
25.5288	     7
25.5398	     6
25.5508	     7
25.5618	     6
25.5728	     7
25.5838	     6
25.5948	     7
25.6058	     6
25.6168	     7
25.6278	     6
25.6388	     7
25.6498	     6
25.6608	     7
25.6718	     6
25.6828	     7
25.6938	     6
25.7048	     7
25.7158	     6
25.7268	     7
25.7378	     6
25.7488	     7
25.7598	     6
25.7708	     6
25.7818	     6
25.7928	     7
25.8038	     6
25.8148	     7
25.8258	     6
25.8368	     7
25.8478	     6
25.8588	     7
25.8698	     6
25.8808	     7
25.8918	     6
25.9028	     7
25.9138	     6
25.9248	     7
25.9358	     6
25.9468	     6
25.9578	     6
25.9688	     6
25.9798	     6
25.9908	     7
26.0018	     6
26.0128	     6
26.0238	     6
26.0348	     6
26.0458	     6
26.0568	     6
26.0678	     6
26.0788	     6
26.0898	     6
26.1008	     7
26.1118	     6
26.1228	     6
26.1338	     6
26.1448	     6
26.1558	     6
26.1668	     7
26.1778	     6
26.1888	     7
26.1998	     6
26.2108	     6
26.2218	     6
26.2328	     6
26.2438	     6
26.2548	     6
26.2658	     6
26.2768	     6
26.2878	     6
26.2988	     6
26.3098	     6
26.3208	     6
26.3318	     6
26.3428	     7
26.3538	     6
26.3648	     7
26.3758	     6
26.3868	     7
26.3978	     6
26.4088	     7
26.4198	     6
26.4308	     7
26.4418	     6
26.4528	     7
26.4638	     6
26.4748	     6
26.4858	     6
26.4968	     6
26.5078	     6
26.5188	     6
26.5298	     6
26.5408	     6
26.5518	     6
26.5628	     6
26.5738	     6
26.5848	     6
26.5958	     6
26.6068	     7
26.6178	     5
26.6288	     6
26.6398	     6
26.6508	     6
26.6618	     6
26.6728	     6
26.6838	     6
26.6948	     6
26.7058	     5
26.7168	     6
26.7278	     6
26.7388	     6
26.7498	     6
26.7608	     6
26.7718	     6
26.7828	     6
26.7938	     6
26.8048	     6
26.8158	     6
26.8268	     6
26.8378	     5
26.8488	     6
26.8598	     6
26.8708	     6
26.8818	     5
26.8928	     7
26.9038	     5
26.9148	     6
26.9258	     6
26.9368	     6
26.9478	     6
26.9588	     6
26.9698	     6
26.9808	     6
26.9918	     6
27.0028	     6
27.0138	     6
27.0248	     6
27.0358	     6
27.0468	     6
27.0578	     5
27.0688	     6
27.0798	     5
27.0908	     6
27.1018	     5
27.1128	     6
27.1238	     5
27.1348	     6
27.1458	     5
27.1568	     6
27.1678	     6
27.1788	     6
27.1898	     6
27.2008	     6
27.2118	     6
27.2228	     6
27.2338	     6
27.2448	     6
27.2558	     6
27.2668	     6
27.2778	     5
27.2888	     6
27.2998	     5
27.3108	     6
27.3218	     5
27.3328	     6
27.3438	     5
27.3548	     6
27.3658	     5
27.3768	     6
27.3878	     5
27.3988	     6
27.4098	     5
27.4208	     6
27.4318	     6
27.4428	     6
27.4538	     6
27.4648	     6
27.4758	     6
27.4868	     6
27.4978	     5
27.5088	     6
27.5198	     6
27.5308	     6
27.5418	     5
27.5528	     6
27.5638	     5
27.5748	     6
27.5858	     5
27.5968	     6
27.6078	     5
27.6188	     6
27.6298	     5
27.6408	     6
27.6518	     5
27.6628	     6
27.6738	     6
27.6848	     6
27.6958	     5
27.7068	     6
27.7178	     6
27.7288	     6
27.7398	     5
27.7508	     6
27.7618	     5
27.7728	     6
27.7838	     5
27.7948	     6
27.8058	     5
27.8168	     6
27.8278	     5
27.8388	     6
27.8498	     5
27.8608	     6
27.8718	     5
27.8828	     6
27.8938	     5
27.9048	     6
27.9158	     5
27.9268	     6
27.9378	     5
27.9488	     6
27.9598	     6
27.9708	     6
27.9818	     5
27.9928	     6
28.0038	     5
28.0148	     6
28.0258	     5
28.0368	     6
28.0478	     5
28.0588	     6
28.0698	     5
28.0808	     6
28.0918	     5
28.1028	     6
28.1138	     5
28.1248	     6
28.1358	     5
28.1468	     6
28.1578	     6
28.1688	     6
28.1798	     5
28.1908	     6
28.2018	     5
28.2128	     6
28.2238	     5
28.2348	     6
28.2458	     5
28.2568	     6
28.2678	     5
28.2788	     6
28.2898	     5
28.3008	     6
28.3118	     5
28.3228	     6
28.3338	     5
28.3448	     6
28.3558	     5
28.3668	     6
28.3778	     5
28.3888	     6
28.3998	     6
28.4108	     6
28.4218	     5
28.4328	     6
28.4438	     5
28.4548	     6
28.4658	     5
28.4768	     6
28.4878	     5
28.4988	     6
28.5098	     5
28.5208	     6
28.5318	     5
28.5428	     6
28.5538	     5
28.5648	     6
28.5758	     5
28.5868	     6
28.5978	     5
28.6088	     6
28.6198	     5
28.6308	     6
28.6418	     5
28.6528	     6
28.6638	     6
28.6748	     6
28.6858	     5
28.6968	     6
28.7078	     5
28.7188	     6
28.7298	     5
28.7408	     6
28.7518	     5
28.7628	     6
28.7738	     5
28.7848	     6
28.7958	     5
28.8068	     6
28.8178	     5
28.8288	     6
28.8398	     6
28.8508	     6
28.8618	     5
28.8728	     6
28.8838	     6
28.8948	     6
28.9058	     5
28.9168	     6
28.9278	     5
28.9388	     6
28.9498	     5
28.9608	     6
28.9718	     5
28.9828	     6
28.9938	     5
29.0048	     6
29.0158	     5
29.0268	     6
29.0378	     5
29.0488	     6
29.0598	     5
29.0708	     6
29.0818	     5
29.0928	     6
29.1038	     6
29.1148	     6
29.1258	     5
29.1368	     6
29.1478	     6
29.1588	     6
29.1698	     5
29.1808	     6
29.1918	     5
29.2028	     6
29.2138	     5
29.2248	     6
29.2358	     5
29.2468	     6
29.2578	     5
29.2688	     6
29.2798	     5
29.2908	     6
29.3018	     5
29.3128	     6
29.3238	     6
29.3348	     6
29.3458	     5
29.3568	     6
29.3678	     6
29.3788	     6
29.3898	     5
29.4008	     6
29.4118	     5
29.4228	     6
29.4338	     5
29.4448	     6
29.4558	     5
29.4668	     6
29.4778	     5
29.4888	     6
29.4998	     5
29.5108	     6
29.5218	     5
29.5328	     6
29.5438	     5
29.5548	     6
29.5658	     6
29.5768	     6
29.5878	     6
29.5988	     6
29.6098	     5
29.6208	     6
29.6318	     6
29.6428	     6
29.6538	     5
29.6648	     6
29.6758	     5
29.6868	     6
29.6978	     5
29.7088	     6
29.7198	     5
29.7308	     6
29.7418	     5
29.7528	     6
29.7638	     5
29.7748	     6
29.7858	     5
29.7968	     6
29.8078	     6
29.8188	     6
29.8298	     5
29.8408	     6
29.8518	     6
29.8628	     6
29.8738	     5
29.8848	     6
29.8958	     5
29.9068	     6
29.9178	     5
29.9288	     6
29.9398	     5
29.9508	     6
29.9618	     5
29.9728	     6
29.9838	     5
29.9948	     6
