-12.9998	     7
-12.9888	     6
-12.9778	     6
-12.9668	     5
-12.9558	     6
-12.9448	     6
-12.9338	     6
-12.9228	     6
-12.9118	     6
-12.9008	     6
-12.8898	     6
-12.8788	     6
-12.8678	     6
-12.8568	     6
-12.8458	     6
-12.8348	     5
-12.8238	     6
-12.8128	     5
-12.8018	     6
-12.7908	     5
-12.7798	     6
-12.7688	     6
-12.7578	     6
-12.7468	     5
-12.7358	     6
-12.7248	     6
-12.7138	     6
-12.7028	     5
-12.6918	     6
-12.6808	     6
-12.6698	     6
-12.6588	     6
-12.6478	     6
-12.6368	     6
-12.6258	     6
-12.6148	     5
-12.6038	     6
-12.5928	     6
-12.5818	     6
-12.5708	     5
-12.5598	     6
-12.5488	     5
-12.5378	     6
-12.5268	     5
-12.5158	     6
-12.5048	     6
-12.4938	     6
-12.4828	     5
-12.4718	     6
-12.4608	     6
-12.4498	     6
-12.4388	     5
-12.4278	     6
-12.4168	     6
-12.4058	     6
-12.3948	     5
-12.3838	     6
-12.3728	     6
-12.3618	     6
-12.3508	     5
-12.3398	     6
-12.3288	     5
-12.3178	     6
-12.3068	     5
-12.2958	     6
-12.2848	     5
-12.2738	     6
-12.2628	     5
-12.2518	     6
-12.2408	     6
-12.2298	     6
-12.2188	     5
-12.2078	     6
-12.1968	     6
-12.1858	     6
-12.1748	     5
-12.1638	     6
-12.1528	     6
-12.1418	     6
-12.1308	     5
-12.1198	     6
-12.1088	     5
-12.0978	     6
-12.0868	     5
-12.0758	     6
-12.0648	     5
-12.0538	     6
-12.0428	     5
-12.0318	     6
-12.0208	     6
-12.0098	     6
-11.9988	     5
-11.9878	     6
-11.9768	     6
-11.9658	     6
-11.9548	     5
-11.9438	     6
-11.9328	     6
-11.9218	     6
-11.9108	     5
-11.8998	     6
-11.8888	     5
-11.8778	     6
-11.8668	     5
-11.8558	     6
-11.8448	     5
-11.8338	     6
-11.8228	     5
-11.8118	     6
-11.8008	     5
-11.7898	     6
-11.7788	     5
-11.7678	     6
-11.7568	     6
-11.7458	     6
-11.7348	     5
-11.7238	     6
-11.7128	     6
-11.7018	     6
-11.6908	     5
-11.6798	     6
-11.6688	     6
-11.6578	     6
-11.6468	     5
-11.6358	     6
-11.6248	     5
-11.6138	     6
-11.6028	     5
-11.5918	     6
-11.5808	     5
-11.5698	     6
-11.5588	     5
-11.5478	     6
-11.5368	     6
-11.5258	     6
-11.5148	     5
-11.5038	     6
-11.4928	     6
-11.4818	     6
-11.4708	     6
-11.4598	     6
-11.4488	     6
-11.4378	     6
-11.4268	     5
-11.4158	     6
-11.4048	     6
-11.3938	     6
-11.3828	     5
-11.3718	     6
-11.3608	     6
-11.3498	     6
-11.3388	     5
-11.3278	     6
-11.3168	     6
-11.3058	     6
-11.2948	     6
-11.2838	     6
-11.2728	     6
-11.2618	     6
-11.2508	     6
-11.2398	     6
-11.2288	     6
-11.2178	     6
-11.2068	     5
-11.1958	     6
-11.1848	     6
-11.1738	     6
-11.1628	     5
-11.1518	     6
-11.1408	     5
-11.1298	     6
-11.1188	     5
-11.1078	     6
-11.0968	     6
-11.0858	     6
-11.0748	     5
-11.0638	     6
-11.0528	     6
-11.0418	     6
-11.0308	     6
-11.0198	     6
-11.0088	     6
-10.9978	     6
-10.9868	     6
-10.9758	     6
-10.9648	     6
-10.9538	     6
-10.9428	     5
-10.9318	     6
-10.9208	     5
-10.9098	     6
-10.8988	     5
-10.8878	     6
-10.8768	     5
-10.8658	     6
-10.8548	     5
-10.8438	     6
-10.8328	     6
-10.8218	     6
-10.8108	     5
-10.7998	     6
-10.7888	     6
-10.7778	     6
-10.7668	     5
-10.7558	     6
-10.7448	     6
-10.7338	     6
-10.7228	     5
-10.7118	     6
-10.7008	     6
-10.6898	     6
-10.6788	     5
-10.6678	     6
-10.6568	     5
-10.6458	     6
-10.6348	     5
-10.6238	     6
-10.6128	     5
-10.6018	     6
-10.5908	     5
-10.5798	     6
-10.5688	     6
-10.5578	     6
-10.5468	     5
-10.5358	     6
-10.5248	     6
-10.5138	     6
-10.5028	     5
-10.4918	     6
-10.4808	     5
-10.4698	     6
-10.4588	     5
-10.4478	     6
-10.4368	     5
-10.4258	     6
-10.4148	     5
-10.4038	     6
-10.3928	     5
-10.3818	     6
-10.3708	     5
-10.3598	     6
-10.3488	     6
-10.3378	     6
-10.3268	     5
-10.3158	     6
-10.3048	     6
-10.2938	     6
-10.2828	     5
-10.2718	     6
-10.2608	     6
-10.2498	     6
-10.2388	     5
-10.2278	     6
-10.2168	     6
-10.2058	     6
-10.1948	     5
-10.1838	     6
-10.1728	     6
-10.1618	     6
-10.1508	     5
-10.1398	     6
-10.1288	     6
-10.1178	     6
-10.1068	     5
-10.0958	     6
-10.0848	     6
-10.0738	     6
-10.0628	     5
-10.0518	     6
-10.0408	     6
-10.0298	     6
-10.0188	     6
-10.0078	     6
-9.9968	     6
-9.9858	     6
-9.9748	     5
-9.9638	     6
-9.9528	     6
-9.9418	     6
-9.9308	     5
-9.9198	     6
-9.9088	     6
-9.8978	     6
-9.8868	     6
-9.8758	     6
-9.8648	     6
-9.8538	     6
-9.8428	     6
-9.8318	     6
-9.8208	     6
-9.8098	     6
-9.7988	     6
-9.7878	     6
-9.7768	     6
-9.7658	     6
-9.7548	     5
-9.7438	     6
-9.7328	     6
-9.7218	     6
-9.7108	     5
-9.6998	     6
-9.6888	     6
-9.6778	     6
-9.6668	     5
-9.6558	     6
-9.6448	     6
-9.6338	     6
-9.6228	     5
-9.6118	     6
-9.6008	     6
-9.5898	     6
-9.5788	     6
-9.5678	     6
-9.5568	     6
-9.5458	     6
-9.5348	     5
-9.5238	     6
-9.5128	     5
-9.5018	     6
-9.4908	     5
-9.4798	     6
-9.4688	     5
-9.4578	     6
-9.4468	     5
-9.4358	     6
-9.4248	     6
-9.4138	     6
-9.4028	     5
-9.3918	     6
-9.3808	     6
-9.3698	     6
-9.3588	     6
-9.3478	     6
-9.3368	     6
-9.3258	     6
-9.3148	     5
-9.3038	     6
-9.2928	     6
-9.2818	     6
-9.2708	     5
-9.2598	     6
-9.2488	     5
-9.2378	     6
-9.2268	     5
-9.2158	     6
-9.2048	     5
-9.1938	     6
-9.1828	     5
-9.1718	     6
-9.1608	     6
-9.1498	     6
-9.1388	     6
-9.1278	     6
-9.1168	     6
-9.1058	     6
-9.0948	     5
-9.0838	     6
-9.0728	     6
-9.0618	     6
-9.0508	     5
-9.0398	     6
-9.0288	     5
-9.0178	     6
-9.0068	     5
-8.9958	     6
-8.9848	     5
-8.9738	     6
-8.9628	     5
-8.9518	     6
-8.9408	     6
-8.9298	     6
-8.9188	     5
-8.9078	     6
-8.8968	     6
-8.8858	     6
-8.8748	     5
-8.8638	     6
-8.8528	     6
-8.8418	     6
-8.8308	     6
-8.8198	     6
-8.8088	     6
-8.7978	     6
-8.7868	     5
-8.7758	     6
-8.7648	     6
-8.7538	     6
-8.7428	     5
-8.7318	     6
-8.7208	     6
-8.7098	     6
-8.6988	     6
-8.6878	     6
-8.6768	     6
-8.6658	     6
-8.6548	     6
-8.6438	     6
-8.6328	     6
-8.6218	     6
-8.6108	     6
-8.5998	     6
-8.5888	     6
-8.5778	     6
-8.5668	     5
-8.5558	     6
-8.5448	     6
-8.5338	     6
-8.5228	     5
-8.5118	     7
-8.5008	     6
-8.4898	     6
-8.4788	     6
-8.4678	     6
-8.4568	     6
-8.4458	     6
-8.4348	     5
-8.4238	     6
-8.4128	     6
-8.4018	     6
-8.3908	     6
-8.3798	     6
-8.3688	     6
-8.3578	     6
-8.3468	     5
-8.3358	     6
-8.3248	     6
-8.3138	     6
-8.3028	     5
-8.2918	     6
-8.2808	     6
-8.2698	     6
-8.2588	     5
-8.2478	     6
-8.2368	     6
-8.2258	     6
-8.2148	     6
-8.2038	     6
-8.1928	     6
-8.1818	     6
-8.1708	     6
-8.1598	     6
-8.1488	     6
-8.1378	     6
-8.1268	     5
-8.1158	     6
-8.1048	     6
-8.0938	     6
-8.0828	     5
-8.0718	     6
-8.0608	     6
-8.0498	     6
-8.0388	     5
-8.0278	     6
-8.0168	     6
-8.0058	     6
-7.9948	     5
-7.9838	     6
-7.9728	     6
-7.9618	     6
-7.9508	     5
-7.9398	     6
-7.9288	     6
-7.9178	     6
-7.9068	     5
-7.8958	     6
-7.8848	     6
-7.8738	     6
-7.8628	     5
-7.8518	     6
-7.8408	     6
-7.8298	     6
-7.8188	     5
-7.8078	     6
-7.7968	     5
-7.7858	     6
-7.7748	     5
-7.7638	     6
-7.7528	     6
-7.7418	     6
-7.7308	     5
-7.7198	     6
-7.7088	     6
-7.6978	     6
-7.6868	     6
-7.6758	     6
-7.6648	     6
-7.6538	     6
-7.6428	     5
-7.6318	     6
-7.6208	     6
-7.6098	     6
-7.5988	     5
-7.5878	     6
-7.5768	     6
-7.5658	     6
-7.5548	     5
-7.5438	     6
-7.5328	     6
-7.5218	     6
-7.5108	     6
-7.4998	     6
-7.4888	     6
-7.4778	     6
-7.4668	     6
-7.4558	     6
-7.4448	     6
-7.4338	     6
-7.4228	     6
-7.4118	     6
-7.4008	     6
-7.3898	     6
-7.3788	     6
-7.3678	     7
-7.3568	     6
-7.3458	     6
-7.3348	     5
-7.3238	     6
-7.3128	     6
-7.3018	     6
-7.2908	     6
-7.2798	     7
-7.2688	     6
-7.2578	     6
-7.2468	     6
-7.2358	     6
-7.2248	     6
-7.2138	     6
-7.2028	     6
-7.1918	     6
-7.1808	     6
-7.1698	     6
-7.1588	     6
-7.1478	     6
-7.1368	     6
-7.1258	     7
-7.1148	     5
-7.1038	     6
-7.0928	     6
-7.0818	     6
-7.0708	     6
-7.0598	     6
-7.0488	     6
-7.0378	     6
-7.0268	     6
-7.0158	     6
-7.0048	     6
-6.9938	     6
-6.9828	     6
-6.9718	     6
-6.9608	     6
-6.9498	     6
-6.9388	     5
-6.9278	     7
-6.9168	     6
-6.9058	     6
-6.8948	     5
-6.8838	     6
-6.8728	     6
-6.8618	     6
-6.8508	     5
-6.8398	     6
-6.8288	     6
-6.8178	     6
-6.8068	     5
-6.7958	     6
-6.7848	     6
-6.7738	     6
-6.7628	     6
-6.7518	     6
-6.7408	     6
-6.7298	     6
-6.7188	     6
-6.7078	     6
-6.6968	     6
-6.6858	     6
-6.6748	     5
-6.6638	     6
-6.6528	     6
-6.6418	     6
-6.6308	     5
-6.6198	     6
-6.6088	     5
-6.5978	     6
-6.5868	     5
-6.5758	     6
-6.5648	     6
-6.5538	     6
-6.5428	     5
-6.5318	     6
-6.5208	     6
-6.5098	     6
-6.4988	     5
-6.4878	     6
-6.4768	     6
-6.4658	     6
-6.4548	     5
-6.4438	     6
-6.4328	     6
-6.4218	     6
-6.4108	     5
-6.3998	     7
-6.3888	     6
-6.3778	     6
-6.3668	     5
-6.3558	     6
-6.3448	     6
-6.3338	     6
-6.3228	     6
-6.3118	     6
-6.3008	     6
-6.2898	     6
-6.2788	     6
-6.2678	     6
-6.2568	     6
-6.2458	     6
-6.2348	     6
-6.2238	     7
-6.2128	     6
-6.2018	     6
-6.1908	     6
-6.1798	     7
-6.1688	     6
-6.1578	     7
-6.1468	     6
-6.1358	     7
-6.1248	     6
-6.1138	     6
-6.1028	     6
-6.0918	     6
-6.0808	     6
-6.0698	     7
-6.0588	     6
-6.0478	     7
-6.0368	     6
-6.0258	     6
-6.0148	     6
-6.0038	     7
-5.9928	     6
-5.9818	     7
-5.9708	     6
-5.9598	     7
-5.9488	     6
-5.9378	     7
-5.9268	     6
-5.9158	     7
-5.9048	     6
-5.8938	     7
-5.8828	     6
-5.8718	     7
-5.8608	     6
-5.8498	     6
-5.8388	     6
-5.8278	     7
-5.8168	     6
-5.8058	     7
-5.7948	     6
-5.7838	     7
-5.7728	     6
-5.7618	     6
-5.7508	     6
-5.7398	     6
-5.7288	     6
-5.7178	     7
-5.7068	     6
-5.6958	     7
-5.6848	     6
-5.6738	     7
-5.6628	     6
-5.6518	     7
-5.6408	     6
-5.6298	     7
-5.6188	     6
-5.6078	     7
-5.5968	     6
-5.5858	     6
-5.5748	     6
-5.5638	     6
-5.5528	     6
-5.5418	     6
-5.5308	     6
-5.5198	     7
-5.5088	     6
-5.4978	     6
-5.4868	     5
-5.4758	     6
-5.4648	     6
-5.4538	     7
-5.4428	     5
-5.4318	     7
-5.4208	     6
-5.4098	     6
-5.3988	     6
-5.3878	     6
-5.3768	     6
-5.3658	     6
-5.3548	     6
-5.3438	     6
-5.3328	     6
-5.3218	     6
-5.3108	     6
-5.2998	     6
-5.2888	     6
-5.2778	     6
-5.2668	     5
-5.2558	     6
-5.2448	     6
-5.2338	     6
-5.2228	     5
-5.2118	     6
-5.2008	     6
-5.1898	     6
-5.1788	     5
-5.1678	     6
-5.1568	     6
-5.1458	     6
-5.1348	     5
-5.1238	     6
-5.1128	     6
-5.1018	     6
-5.0908	     6
-5.0798	     6
-5.0688	     6
-5.0578	     6
-5.0468	     6
-5.0358	     6
-5.0248	     6
-5.0138	     6
-5.0028	     6
-4.9918	     7
-4.9808	     6
-4.9698	     7
-4.9588	     6
-4.9478	     6
-4.9368	     6
-4.9258	     7
-4.9148	     6
-4.9038	     7
-4.8928	     6
-4.8818	     6
-4.8708	     6
-4.8598	     6
-4.8488	     6
-4.8378	     7
-4.8268	     6
-4.8158	     7
-4.8048	     6
-4.7938	     7
-4.7828	     6
-4.7718	     7
-4.7608	     6
-4.7498	     7
-4.7388	     6
-4.7278	     7
-4.7168	     7
-4.7058	     7
-4.6948	     6
-4.6838	     7
-4.6728	     7
-4.6618	     7
-4.6508	     6
-4.6398	     7
-4.6288	     7
-4.6178	     7
-4.6068	     6
-4.5958	     7
-4.5848	     7
-4.5738	     7
-4.5628	     6
-4.5518	     7
-4.5408	     6
-4.5298	     7
-4.5188	     6
-4.5078	     7
-4.4968	     6
-4.4858	     7
-4.4748	     6
-4.4638	     7
-4.4528	     7
-4.4418	     7
-4.4308	     6
-4.4198	     7
-4.4088	     7
-4.3978	     7
-4.3868	     6
-4.3758	     7
-4.3648	     7
-4.3538	     7
-4.3428	     6
-4.3318	     7
-4.3208	     6
-4.3098	     7
-4.2988	     6
-4.2878	     7
-4.2768	     6
-4.2658	     7
-4.2548	     6
-4.2438	     7
-4.2328	     6
-4.2218	     7
-4.2108	     6
-4.1998	     7
-4.1888	     6
-4.1778	     7
-4.1668	     6
-4.1558	     6
-4.1448	     6
-4.1338	     6
-4.1228	     6
-4.1118	     7
-4.1008	     6
-4.0898	     7
-4.0788	     6
-4.0678	     7
-4.0568	     6
-4.0458	     7
-4.0348	     6
-4.0238	     7
-4.0128	     6
-4.0018	     6
-3.9908	     6
-3.9798	     6
-3.9688	     6
-3.9578	     6
-3.9468	     6
-3.9358	     7
-3.9248	     6
-3.9138	     6
-3.9028	     6
-3.8918	     6
-3.8808	     6
-3.8698	     6
-3.8588	     6
-3.8478	     6
-3.8368	     6
-3.8258	     6
-3.8148	     6
-3.8038	     6
-3.7928	     6
-3.7818	     6
-3.7708	     6
-3.7598	     7
-3.7488	     6
-3.7378	     6
-3.7268	     6
-3.7158	     6
-3.7048	     6
-3.6938	     6
-3.6828	     6
-3.6718	     6
-3.6608	     6
-3.6498	     6
-3.6388	     6
-3.6278	     7
-3.6168	     6
-3.6058	     7
-3.5948	     6
-3.5838	     7
-3.5728	     6
-3.5618	     7
-3.5508	     6
-3.5398	     7
-3.5288	     7
-3.5178	     7
-3.5068	     6
-3.4958	     7
-3.4848	     7
-3.4738	     7
-3.4628	     7
-3.4518	     7
-3.4408	     7
-3.4298	     7
-3.4188	     7
-3.4078	     7
-3.3968	     7
-3.3858	     7
-3.3748	     7
-3.3638	     7
-3.3528	     7
-3.3418	     7
-3.3308	     7
-3.3198	     7
-3.3088	     7
-3.2978	     7
-3.2868	     7
-3.2758	     7
-3.2648	     7
-3.2538	     7
-3.2428	     7
-3.2318	     7
-3.2208	     7
-3.2098	     7
-3.1988	     7
-3.1878	     7
-3.1768	     7
-3.1658	     7
-3.1548	     7
-3.1438	     8
-3.1328	     7
-3.1218	     7
-3.1108	     7
-3.0998	     7
-3.0888	     7
-3.0778	     8
-3.0668	     7
-3.0558	     8
-3.0448	     7
-3.0338	     7
-3.0228	     7
-3.0118	     7
-3.0008	     7
-2.9898	     7
-2.9788	     7
-2.9678	     7
-2.9568	     7
-2.9458	     7
-2.9348	     7
-2.9238	     7
-2.9128	     7
-2.9018	     7
-2.8908	     7
-2.8798	     7
-2.8688	     7
-2.8578	     7
-2.8468	     7
-2.8358	     7
-2.8248	     7
-2.8138	     7
-2.8028	     6
-2.7918	     7
-2.7808	     7
-2.7698	     7
-2.7588	     7
-2.7478	     7
-2.7368	     7
-2.7258	     7
-2.7148	     6
-2.7038	     7
-2.6928	     6
-2.6818	     7
-2.6708	     6
-2.6598	     7
-2.6488	     6
-2.6378	     7
-2.6268	     6
-2.6158	     7
-2.6048	     6
-2.5938	     6
-2.5828	     6
-2.5718	     6
-2.5608	     6
-2.5498	     6
-2.5388	     6
-2.5278	     6
-2.5168	     6
-2.5058	     6
-2.4948	     6
-2.4838	     6
-2.4728	     6
-2.4618	     6
-2.4508	     6
-2.4398	     7
-2.4288	     6
-2.4178	     6
-2.4068	     6
-2.3958	     7
-2.3848	     6
-2.3738	     7
-2.3628	     6
-2.3518	     7
-2.3408	     6
-2.3298	     7
-2.3188	     6
-2.3078	     7
-2.2968	     7
-2.2858	     7
-2.2748	     7
-2.2638	     7
-2.2528	     7
-2.2418	     7
-2.2308	     7
-2.2198	     7
-2.2088	     7
-2.1978	     8
-2.1868	     7
-2.1758	     8
-2.1648	     7
-2.1538	     8
-2.1428	     7
-2.1318	     8
-2.1208	     8
-2.1098	     8
-2.0988	     7
-2.0878	     9
-2.0768	     8
-2.0658	     8
-2.0548	     8
-2.0438	     8
-2.0328	     8
-2.0218	     9
-2.0108	     8
-1.9998	     9
-1.9888	     8
-1.9778	     9
-1.9668	     8
-1.9558	     9
-1.9448	     9
-1.9338	     9
-1.9228	     8
-1.9118	     9
-1.9008	     9
-1.8898	     9
-1.8788	     8
-1.8678	     9
-1.8568	     9
-1.8458	     9
-1.8348	     8
-1.8238	     9
-1.8128	     9
-1.8018	     9
-1.7908	     9
-1.7798	     9
-1.7688	     9
-1.7578	     9
-1.7468	     9
-1.7358	     9
-1.7248	     9
-1.7138	     9
-1.7028	     8
-1.6918	     9
-1.6808	     9
-1.6698	     9
-1.6588	     8
-1.6478	     9
-1.6368	     8
-1.6258	     9
-1.6148	     8
-1.6038	     9
-1.5928	     9
-1.5818	     9
-1.5708	     8
-1.5598	     9
-1.5488	     8
-1.5378	     8
-1.5268	     8
-1.5158	     8
-1.5048	     8
-1.4938	     9
-1.4828	     8
-1.4718	     9
-1.4608	     7
-1.4498	     8
-1.4388	     7
-1.4278	     8
-1.4168	     7
-1.4058	     8
-1.3948	     7
-1.3838	     7
-1.3728	     7
-1.3618	     7
-1.3508	     7
-1.3398	     7
-1.3288	     7
-1.3178	     7
-1.3068	     6
-1.2958	     7
-1.2848	     6
-1.2738	     7
-1.2628	     6
-1.2518	     7
-1.2408	     6
-1.2298	     7
-1.2188	     6
-1.2078	     7
-1.1968	     6
-1.1858	     7
-1.1748	     6
-1.1638	     7
-1.1528	     6
-1.1418	     7
-1.1308	     6
-1.1198	     7
-1.1088	     7
-1.0978	     7
-1.0868	     7
-1.0758	     7
-1.0648	     7
-1.0538	     7
-1.0428	     7
-1.0318	     8
-1.0208	     7
-1.0098	     8
-0.9988	     8
-0.9878	     9
-0.9768	     8
-0.9658	     9
-0.9548	     8
-0.9438	     9
-0.9328	     9
-0.9218	    10
-0.9108	     9
-0.8998	    10
-0.8888	    10
-0.8778	    10
-0.8668	    10
-0.8558	    11
-0.8448	    10
-0.8338	    11
-0.8228	    10
-0.8118	    11
-0.8008	    11
-0.7898	    11
-0.7788	    11
-0.7678	    11
-0.7568	    11
-0.7458	    12
-0.7348	    11
-0.7238	    12
-0.7128	    12
-0.7018	    13
-0.6908	    12
-0.6798	    13
-0.6688	    13
-0.6578	    13
-0.6468	    13
-0.6358	    14
-0.6248	    14
-0.6138	    14
-0.6028	    14
-0.5918	    14
-0.5808	    14
-0.5698	    15
-0.5588	    14
-0.5478	    15
-0.5368	    15
-0.5258	    15
-0.5148	    15
-0.5038	    15
-0.4928	    15
-0.4818	    15
-0.4708	    15
-0.4598	    16
-0.4488	    15
-0.4378	    16
-0.4268	    15
-0.4158	    16
-0.4048	    16
-0.3938	    16
-0.3828	    16
-0.3718	    16
-0.3608	    16
-0.3498	    16
-0.3388	    16
-0.3278	    17
-0.3168	    16
-0.3058	    17
-0.2948	    16
-0.2838	    17
-0.2728	    16
-0.2618	    17
-0.2508	    15
-0.2398	    16
-0.2288	    15
-0.2178	    15
-0.2068	    15
-0.1958	    15
-0.1848	    15
-0.1738	    15
-0.1628	    14
-0.1518	    15
-0.1408	    14
-0.1298	    14
-0.1188	    13
-0.1078	    13
-0.0968	    13
-0.0858	    13
-0.0748	    12
-0.0638	    12
-0.0528	    11
-0.0418	    11
-0.0308	    11
-0.0198	    11
-0.0088	    10
0.0022	    11
0.0132	     9
0.0242	    10
0.0352	     9
0.0462	     9
0.0572	     9
0.0682	     9
0.0792	     9
0.0902	     9
0.1012	     9
0.1122	     9
0.1232	     9
0.1342	     9
0.1452	     9
0.1562	     9
0.1672	     9
0.1782	    10
0.1892	     9
0.2002	    10
0.2112	    10
0.2222	    11
0.2332	    10
0.2442	    11
0.2552	    11
0.2662	    12
0.2772	    12
0.2882	    13
0.2992	    13
0.3102	    14
0.3212	    14
0.3322	    15
0.3432	    16
0.3542	    17
0.3652	    18
0.3762	    19
0.3872	    19
0.3982	    20
0.4092	    20
0.4202	    21
0.4312	    21
0.4422	    23
0.4532	    22
0.4642	    24
0.4752	    24
0.4862	    26
0.4972	    26
0.5082	    27
0.5192	    29
0.5302	    30
0.5412	    31
0.5522	    33
0.5632	    34
0.5742	    36
0.5852	    37
0.5962	    39
0.6072	    40
0.6182	    42
0.6292	    43
0.6402	    45
0.6512	    46
0.6622	    49
0.6732	    50
0.6842	    52
0.6952	    53
0.7062	    55
0.7172	    56
0.7282	    59
0.7392	    60
0.7502	    62
0.7612	    63
0.7722	    65
0.7832	    67
0.7942	    70
0.8052	    71
0.8162	    74
0.8272	    75
0.8382	    77
0.8492	    79
0.8602	    82
0.8712	    84
0.8822	    86
0.8932	    87
0.9042	    90
0.9152	    92
0.9262	    95
0.9372	    98
0.9482	   102
0.9592	   105
0.9702	   109
0.9812	   112
0.9922	   116
1.0032	   119
1.0142	   123
1.0252	   126
1.0362	   131
1.0472	   135
1.0582	   139
1.0692	   141
1.0802	   145
1.0912	   150
1.1022	   153
1.1132	   156
1.1242	   159
1.1352	   163
1.1462	   166
1.1572	   171
1.1682	   174
1.1792	   176
1.1902	   179
1.2012	   183
1.2122	   184
1.2232	   187
1.2342	   191
1.2452	   195
1.2562	   196
1.2672	   199
1.2782	   199
1.2892	   204
1.3002	   204
1.3112	   205
1.3222	   208
1.3332	   211
1.3442	   212
1.3552	   212
1.3662	   215
1.3772	   215
1.3882	   219
1.3992	   218
1.4102	   218
1.4212	   221
1.4322	   222
1.4432	   222
1.4542	   223
1.4652	   223
1.4762	   223
1.4872	   224
1.4982	   227
1.5092	   223
1.5202	   224
1.5312	   224
1.5422	   225
1.5532	   223
1.5642	   225
1.5752	   223
1.5862	   222
1.5972	   222
1.6082	   222
1.6192	   222
1.6302	   223
1.6412	   221
1.6522	   218
1.6632	   219
1.6742	   220
1.6852	   218
1.6962	   219
1.7072	   217
1.7182	   217
1.7292	   217
1.7402	   215
1.7512	   213
1.7622	   214
1.7732	   213
1.7842	   213
1.7952	   213
1.8062	   211
1.8172	   210
1.8282	   209
1.8392	   207
1.8502	   206
1.8612	   203
1.8722	   205
1.8832	   202
1.8942	   201
1.9052	   195
1.9162	   191
1.9272	   191
1.9382	   189
1.9492	   188
1.9602	   185
1.9712	   185
1.9822	   183
1.9932	   182
2.0042	   179
2.0152	   177
2.0262	   174
2.0372	   172
2.0482	   171
2.0592	   169
2.0702	   165
2.0812	   163
2.0922	   159
2.1032	   157
2.1142	   156
2.1252	   152
2.1362	   151
2.1472	   147
2.1582	   144
2.1692	   140
2.1802	   138
2.1912	   134
2.2022	   131
2.2132	   128
2.2242	   124
2.2352	   120
2.2462	   115
2.2572	   111
2.2682	   107
2.2792	   103
2.2902	   101
2.3012	    97
2.3122	    94
2.3232	    89
2.3342	    88
2.3452	    83
2.3562	    81
2.3672	    76
2.3782	    74
2.3892	    70
2.4002	    68
2.4112	    65
2.4222	    62
2.4332	    59
2.4442	    57
2.4552	    54
2.4662	    52
2.4772	    49
2.4882	    47
2.4992	    44
2.5102	    43
2.5212	    40
2.5322	    39
2.5432	    36
2.5542	    35
2.5652	    32
2.5762	    32
2.5872	    29
2.5982	    29
2.6092	    26
2.6202	    26
2.6312	    24
2.6422	    23
2.6532	    22
2.6642	    21
2.6752	    20
2.6862	    19
2.6972	    18
2.7082	    18
2.7192	    17
2.7302	    16
2.7412	    15
2.7522	    15
2.7632	    14
2.7742	    14
2.7852	    13
2.7962	    13
2.8072	    12
2.8182	    13
2.8292	    11
2.8402	    12
2.8512	    11
2.8622	    11
2.8732	    11
2.8842	    11
2.8952	    11
2.9062	    11
2.9172	    10
2.9282	    11
2.9392	    10
2.9502	    11
2.9612	    10
2.9722	    11
2.9832	    10
2.9942	    11
3.0052	    10
3.0162	    11
3.0272	    10
3.0382	    11
3.0492	    10
3.0602	    11
3.0712	    11
3.0822	    11
3.0932	    11
3.1042	    12
3.1152	    11
3.1262	    12
3.1372	    11
3.1482	    12
3.1592	    12
3.1702	    13
3.1812	    12
3.1922	    13
3.2032	    13
3.2142	    13
3.2252	    13
3.2362	    14
3.2472	    13
3.2582	    14
3.2692	    13
3.2802	    15
3.2912	    14
3.3022	    14
3.3132	    14
3.3242	    15
3.3352	    15
3.3462	    15
3.3572	    15
3.3682	    15
3.3792	    15
3.3902	    15
3.4012	    16
3.4122	    16
3.4232	    16
3.4342	    17
3.4452	    16
3.4562	    17
3.4672	    17
3.4782	    17
3.4892	    16
3.5002	    17
3.5112	    17
3.5222	    17
3.5332	    16
3.5442	    17
3.5552	    16
3.5662	    17
3.5772	    16
3.5882	    17
3.5992	    16
3.6102	    16
3.6212	    16
3.6322	    15
3.6432	    15
3.6542	    15
3.6652	    15
3.6762	    15
3.6872	    14
3.6982	    15
3.7092	    14
3.7202	    14
3.7312	    13
3.7422	    14
3.7532	    13
3.7642	    13
3.7752	    12
3.7862	    13
3.7972	    12
3.8082	    13
3.8192	    11
3.8302	    11
3.8412	    11
3.8522	    11
3.8632	    11
3.8742	    11
3.8852	    10
3.8962	    10
3.9072	    10
3.9182	    10
3.9292	     9
3.9402	     9
3.9512	     9
3.9622	     9
3.9732	     8
3.9842	     9
3.9952	     8
4.0062	     9
4.0172	     8
4.0282	     8
4.0392	     8
4.0502	     8
4.0612	     7
4.0722	     8
4.0832	     7
4.0942	     7
4.1052	     7
4.1162	     7
4.1272	     7
4.1382	     7
4.1492	     7
4.1602	     7
4.1712	     7
4.1822	     7
4.1932	     6
4.2042	     7
4.2152	     7
4.2262	     7
4.2372	     6
4.2482	     7
4.2592	     6
4.2702	     7
4.2812	     6
4.2922	     7
4.3032	     6
4.3142	     7
4.3252	     6
4.3362	     7
4.3472	     6
4.3582	     7
4.3692	     6
4.3802	     7
4.3912	     7
4.4022	     7
4.4132	     6
4.4242	     7
4.4352	     6
4.4462	     7
4.4572	     6
4.4682	     7
4.4792	     7
4.4902	     7
4.5012	     6
4.5122	     7
4.5232	     7
4.5342	     7
4.5452	     7
4.5562	     7
4.5672	     7
4.5782	     7
4.5892	     7
4.6002	     7
4.6112	     8
4.6222	     7
4.6332	     7
4.6442	     8
4.6552	     8
4.6662	     8
4.6772	     8
4.6882	     9
4.6992	     8
4.7102	     9
4.7212	     8
4.7322	     9
4.7432	     8
4.7542	     9
4.7652	     8
4.7762	     9
4.7872	     9
4.7982	     9
4.8092	     9
4.8202	     9
4.8312	     9
4.8422	     9
4.8532	     9
4.8642	     9
4.8752	     9
4.8862	     9
4.8972	     9
4.9082	     9
4.9192	     9
4.9302	    10
4.9412	     9
4.9522	    10
4.9632	     9
4.9742	     9
4.9852	     8
4.9962	     9
5.0072	     9
5.0182	     9
5.0292	     8
5.0402	     9
5.0512	     9
5.0622	     9
5.0732	     8
5.0842	     9
5.0952	     8
5.1062	     8
5.1172	     8
5.1282	     9
5.1392	     8
5.1502	     8
5.1612	     7
5.1722	     8
5.1832	     8
5.1942	     8
5.2052	     7
5.2162	     8
5.2272	     7
5.2382	     8
5.2492	     7
5.2602	     7
5.2712	     7
5.2822	     7
5.2932	     7
5.3042	     7
5.3152	     7
5.3262	     7
5.3372	     7
5.3482	     7
5.3592	     7
5.3702	     7
5.3812	     7
5.3922	     7
5.4032	     7
5.4142	     7
5.4252	     6
5.4362	     7
5.4472	     6
5.4582	     7
5.4692	     6
5.4802	     7
5.4912	     6
5.5022	     6
5.5132	     6
5.5242	     6
5.5352	     6
5.5462	     6
5.5572	     6
5.5682	     6
5.5792	     6
5.5902	     6
5.6012	     6
5.6122	     6
5.6232	     6
5.6342	     7
5.6452	     6
5.6562	     7
5.6672	     6
5.6782	     7
5.6892	     5
5.7002	     6
5.7112	     6
5.7222	     6
5.7332	     6
5.7442	     7
5.7552	     6
5.7662	     6
5.7772	     6
5.7882	     6
5.7992	     6
5.8102	     6
5.8212	     6
5.8322	     7
5.8432	     6
5.8542	     6
5.8652	     6
5.8762	     7
5.8872	     6
5.8982	     7
5.9092	     6
5.9202	     7
5.9312	     6
5.9422	     7
5.9532	     6
5.9642	     7
5.9752	     6
5.9862	     7
5.9972	     6
6.0082	     7
6.0192	     7
6.0302	     7
6.0412	     7
6.0522	     7
6.0632	     7
6.0742	     7
6.0852	     7
6.0962	     7
6.1072	     7
6.1182	     7
6.1292	     7
6.1402	     7
6.1512	     7
6.1622	     7
6.1732	     7
6.1842	     7
6.1952	     7
6.2062	     7
6.2172	     7
6.2282	     7
6.2392	     7
6.2502	     7
6.2612	     7
6.2722	     7
6.2832	     7
6.2942	     7
6.3052	     7
6.3162	     7
6.3272	     7
6.3382	     7
6.3492	     7
6.3602	     7
6.3712	     7
6.3822	     7
6.3932	     7
6.4042	     7
6.4152	     7
6.4262	     7
6.4372	     7
6.4482	     7
6.4592	     7
6.4702	     7
6.4812	     7
6.4922	     7
6.5032	     7
6.5142	     7
6.5252	     7
6.5362	     7
6.5472	     7
6.5582	     7
6.5692	     6
6.5802	     7
6.5912	     7
6.6022	     7
6.6132	     6
6.6242	     7
6.6352	     6
6.6462	     7
6.6572	     6
6.6682	     7
6.6792	     6
6.6902	     7
6.7012	     6
6.7122	     7
6.7232	     6
6.7342	     7
6.7452	     6
6.7562	     6
6.7672	     6
6.7782	     7
6.7892	     6
6.8002	     7
6.8112	     6
6.8222	     7
6.8332	     6
6.8442	     7
6.8552	     6
6.8662	     7
6.8772	     6
6.8882	     7
6.8992	     6
6.9102	     6
6.9212	     6
6.9322	     6
6.9432	     6
6.9542	     6
6.9652	     6
6.9762	     6
6.9872	     6
6.9982	     6
7.0092	     6
7.0202	     6
7.0312	     6
7.0422	     7
7.0532	     6
7.0642	     6
7.0752	     6
7.0862	     7
7.0972	     6
7.1082	     6
7.1192	     6
7.1302	     6
7.1412	     6
7.1522	     7
7.1632	     6
7.1742	     6
7.1852	     6
7.1962	     6
7.2072	     6
7.2182	     6
7.2292	     6
7.2402	     6
7.2512	     6
7.2622	     6
7.2732	     6
7.2842	     7
7.2952	     6
7.3062	     7
7.3172	     6
7.3282	     7
7.3392	     6
7.3502	     7
7.3612	     6
7.3722	     7
7.3832	     7
7.3942	     7
7.4052	     6
7.4162	     7
7.4272	     7
7.4382	     7
7.4492	     6
7.4602	     7
7.4712	     7
7.4822	     7
7.4932	     6
7.5042	     7
7.5152	     6
7.5262	     7
7.5372	     6
7.5482	     7
7.5592	     6
7.5702	     7
7.5812	     6
7.5922	     7
7.6032	     7
7.6142	     7
7.6252	     6
7.6362	     7
7.6472	     7
7.6582	     7
7.6692	     6
7.6802	     7
7.6912	     7
7.7022	     7
7.7132	     6
7.7242	     7
7.7352	     6
7.7462	     7
7.7572	     6
7.7682	     7
7.7792	     6
7.7902	     7
7.8012	     6
7.8122	     7
7.8232	     6
7.8342	     7
7.8452	     6
7.8562	     7
7.8672	     6
7.8782	     7
7.8892	     6
7.9002	     7
7.9112	     6
7.9222	     7
7.9332	     6
7.9442	     7
7.9552	     7
7.9662	     7
7.9772	     6
7.9882	     7
7.9992	     6
8.0102	     7
8.0212	     6
8.0322	     7
8.0432	     6
8.0542	     7
8.0652	     6
8.0762	     7
8.0872	     6
8.0982	     6
8.1092	     6
8.1202	     6
8.1312	     6
8.1422	     6
8.1532	     6
8.1642	     6
8.1752	     6
8.1862	     6
8.1972	     6
8.2082	     7
8.2192	     6
8.2302	     6
8.2412	     6
8.2522	     6
8.2632	     6
8.2742	     6
8.2852	     5
8.2962	     6
8.3072	     6
8.3182	     6
8.3292	     6
8.3402	     6
8.3512	     6
8.3622	     6
8.3732	     6
8.3842	     6
8.3952	     6
8.4062	     6
8.4172	     6
8.4282	     6
8.4392	     6
8.4502	     6
8.4612	     5
8.4722	     6
8.4832	     6
8.4942	     6
8.5052	     5
8.5162	     6
8.5272	     6
8.5382	     6
8.5492	     5
8.5602	     6
8.5712	     6
8.5822	     6
8.5932	     6
8.6042	     6
8.6152	     6
8.6262	     6
8.6372	     6
8.6482	     6
8.6592	     6
8.6702	     6
8.6812	     6
8.6922	     6
8.7032	     6
8.7142	     7
8.7252	     6
8.7362	     7
8.7472	     6
8.7582	     7
8.7692	     6
8.7802	     6
8.7912	     6
8.8022	     6
8.8132	     6
8.8242	     7
8.8352	     6
8.8462	     6
8.8572	     6
8.8682	     6
8.8792	     6
8.8902	     7
8.9012	     6
8.9122	     7
8.9232	     6
8.9342	     6
8.9452	     6
8.9562	     7
8.9672	     6
8.9782	     7
8.9892	     6
9.0002	     7
9.0112	     6
9.0222	     6
9.0332	     6
9.0442	     6
9.0552	     6
9.0662	     6
9.0772	     6
9.0882	     7
9.0992	     6
9.1102	     7
9.1212	     6
9.1322	     6
9.1432	     6
9.1542	     6
9.1652	     6
9.1762	     7
9.1872	     6
9.1982	     6
9.2092	     6
9.2202	     6
9.2312	     6
9.2422	     7
9.2532	     6
9.2642	     7
9.2752	     6
9.2862	     6
9.2972	     6
9.3082	     6
9.3192	     6
9.3302	     6
9.3412	     6
9.3522	     6
9.3632	     6
9.3742	     6
9.3852	     6
9.3962	     6
9.4072	     6
9.4182	     6
9.4292	     5
9.4402	     6
9.4512	     6
9.4622	     6
9.4732	     5
9.4842	     6
9.4952	     6
9.5062	     6
9.5172	     6
9.5282	     6
9.5392	     6
9.5502	     6
9.5612	     6
9.5722	     6
9.5832	     6
9.5942	     6
9.6052	     6
9.6162	     6
9.6272	     6
9.6382	     6
9.6492	     5
9.6602	     6
9.6712	     5
9.6822	     6
9.6932	     5
9.7042	     6
9.7152	     5
9.7262	     6
9.7372	     5
9.7482	     6
9.7592	     6
9.7702	     6
9.7812	     5
9.7922	     6
9.8032	     6
9.8142	     6
9.8252	     6
9.8362	     6
9.8472	     6
9.8582	     6
9.8692	     5
9.8802	     6
9.8912	     6
9.9022	     6
9.9132	     5
9.9242	     6
9.9352	     5
9.9462	     6
9.9572	     5
9.9682	     6
9.9792	     6
9.9902	     6
10.0012	     5
10.0122	     6
10.0232	     6
10.0342	     6
10.0452	     6
10.0562	     6
10.0672	     6
10.0782	     6
10.0892	     6
10.1002	     6
10.1112	     6
10.1222	     6
10.1332	     6
10.1442	     7
10.1552	     6
10.1662	     6
10.1772	     6
10.1882	     6
10.1992	     6
10.2102	     7
10.2212	     6
10.2322	     7
10.2432	     6
10.2542	     6
10.2652	     6
10.2762	     6
10.2872	     6
10.2982	     6
10.3092	     6
10.3202	     7
10.3312	     6
10.3422	     6
10.3532	     6
10.3642	     6
10.3752	     6
10.3862	     7
10.3972	     6
10.4082	     7
10.4192	     6
10.4302	     6
10.4412	     6
10.4522	     6
10.4632	     6
10.4742	     6
10.4852	     6
10.4962	     6
10.5072	     6
10.5182	     6
10.5292	     6
10.5402	     6
10.5512	     6
10.5622	     6
10.5732	     6
10.5842	     6
10.5952	     6
10.6062	     6
10.6172	     5
10.6282	     6
10.6392	     6
10.6502	     7
10.6612	     5
10.6722	     7
10.6832	     6
10.6942	     6
10.7052	     6
10.7162	     6
10.7272	     6
10.7382	     6
10.7492	     6
10.7602	     6
10.7712	     6
10.7822	     6
10.7932	     6
10.8042	     6
10.8152	     6
10.8262	     6
10.8372	     5
10.8482	     6
10.8592	     6
10.8702	     6
10.8812	     5
10.8922	     6
10.9032	     5
10.9142	     6
10.9252	     5
10.9362	     6
10.9472	     6
10.9582	     6
10.9692	     5
10.9802	     6
10.9912	     6
11.0022	     6
11.0132	     5
11.0242	     6
11.0352	     6
11.0462	     6
11.0572	     5
11.0682	     6
11.0792	     5
11.0902	     6
11.1012	     5
11.1122	     6
11.1232	     5
11.1342	     6
11.1452	     5
11.1562	     6
11.1672	     5
11.1782	     6
11.1892	     5
11.2002	     6
11.2112	     6
11.2222	     6
11.2332	     5
11.2442	     6
11.2552	     6
11.2662	     6
11.2772	     5
11.2882	     6
11.2992	     6
11.3102	     6
11.3212	     5
11.3322	     6
11.3432	     6
11.3542	     6
11.3652	     5
11.3762	     6
11.3872	     6
11.3982	     6
11.4092	     5
11.4202	     6
11.4312	     6
11.4422	     6
11.4532	     6
11.4642	     6
11.4752	     6
11.4862	     6
11.4972	     6
11.5082	     6
11.5192	     6
11.5302	     6
11.5412	     5
11.5522	     6
11.5632	     6
11.5742	     6
11.5852	     5
11.5962	     6
11.6072	     6
11.6182	     6
11.6292	     5
11.6402	     6
11.6512	     6
11.6622	     6
11.6732	     6
11.6842	     6
11.6952	     6
11.7062	     6
11.7172	     5
11.7282	     6
11.7392	     6
11.7502	     6
11.7612	     6
11.7722	     6
11.7832	     6
11.7942	     6
11.8052	     6
11.8162	     7
11.8272	     6
11.8382	     6
11.8492	     5
11.8602	     6
11.8712	     6
11.8822	     6
11.8932	     5
11.9042	     6
11.9152	     6
11.9262	     6
11.9372	     6
11.9482	     6
11.9592	     6
11.9702	     6
11.9812	     6
11.9922	     6
12.0032	     6
12.0142	     6
12.0252	     5
12.0362	     6
12.0472	     5
12.0582	     6
12.0692	     5
12.0802	     6
12.0912	     6
12.1022	     6
12.1132	     5
12.1242	     6
12.1352	     6
12.1462	     6
12.1572	     6
12.1682	     6
12.1792	     6
12.1902	     6
12.2012	     6
12.2122	     6
12.2232	     6
12.2342	     6
12.2452	     5
12.2562	     6
12.2672	     5
12.2782	     6
12.2892	     5
12.3002	     6
12.3112	     5
12.3222	     6
12.3332	     5
12.3442	     6
12.3552	     5
12.3662	     6
12.3772	     5
12.3882	     6
12.3992	     6
12.4102	     6
12.4212	     5
12.4322	     6
12.4432	     6
12.4542	     6
12.4652	     5
12.4762	     6
12.4872	     5
12.4982	     6
12.5092	     5
12.5202	     6
12.5312	     5
12.5422	     6
12.5532	     5
12.5642	     6
12.5752	     5
12.5862	     6
12.5972	     5
12.6082	     6
12.6192	     5
12.6302	     6
12.6412	     5
12.6522	     6
12.6632	     6
12.6742	     6
12.6852	     5
12.6962	     6
12.7072	     5
12.7182	     6
12.7292	     5
12.7402	     6
12.7512	     6
12.7622	     6
12.7732	     5
12.7842	     6
12.7952	     5
12.8062	     6
12.8172	     5
12.8282	     6
12.8392	     5
12.8502	     6
12.8612	     5
12.8722	     6
12.8832	     6
12.8942	     6
12.9052	     6
12.9162	     6
12.9272	     6
12.9382	     6
12.9492	     5
12.9602	     6
12.9712	     5
12.9822	     6
12.9932	     5
