15.0	37.0
15.1	42.0
15.2	47.0
15.3	45.0
15.4	40.0
15.5	41.0
15.6	50.0
15.7	37.0
15.8	46.0
15.9	50.0
16.0	43.0
16.1	50.0
16.2	46.0
16.3	42.0
16.4	41.0
16.5	43.0
16.6	54.0
16.7	41.0
16.8	42.0
16.9	31.0
17.0	45.0
17.1	42.0
17.2	37.0
17.3	49.0
17.4	41.0
17.5	43.0
17.6	44.0
17.7	42.0
17.8	39.0
17.9	42.0
18.0	40.0
18.1	42.0
18.2	46.0
18.3	46.0
18.4	49.0
18.5	40.0
18.6	47.0
18.7	36.0
18.8	39.0
18.9	43.0
19.0	38.0
19.1	39.0
19.2	33.0
19.3	39.0
19.4	41.0
19.5	48.0
19.6	90.0
19.7	287.0
19.8	335.0
19.9	240.0
20.0	105.0
20.1	39.0
20.2	42.0
20.3	43.0
20.4	42.0
20.5	39.0
20.6	32.0
20.7	35.0
20.8	33.0
20.9	35.0
21.0	48.0
21.1	42.0
21.2	36.0
21.3	42.0
21.4	34.0
21.5	40.0
21.6	46.0
21.7	53.0
21.8	72.0
21.9	437.0
22.0	1086.0
22.1	1270.0
22.2	858.0
22.3	371.0
22.4	49.0
22.5	34.0
22.6	29.0
22.7	24.0
22.8	20.0
22.9	26.0
23.0	18.0
23.1	22.0
23.2	17.0
23.3	23.0
23.4	21.0
23.5	16.0
23.6	16.0
23.7	14.0
23.8	23.0
23.9	25.0
24.0	20.0
24.1	16.0
24.2	15.0
24.3	14.0
24.4	18.0
24.5	15.0
24.6	8.0
24.7	12.0
24.8	14.0
24.9	9.0
25.0	11.0
25.1	11.0
25.2	15.0
25.3	10.0
25.4	10.0
25.5	11.0
25.6	13.0
25.7	9.0
25.8	7.0
25.9	10.0
26.0	9.0
26.1	8.0
26.2	13.0
26.3	12.0
26.4	12.0
26.5	13.0
26.6	8.0
26.7	6.0
26.8	11.0
26.9	6.0
27.0	9.0
27.1	8.0
27.2	5.0
27.3	7.0
27.4	7.0
27.5	6.0
27.6	3.0
27.7	7.0
27.8	5.0
27.9	3.0
28.0	7.0
28.1	7.0
28.2	8.0
28.3	7.0
28.4	7.0
28.5	6.0
28.6	5.0
28.7	8.0
28.8	4.0
28.9	9.0
29.0	5.0
29.1	4.0
29.2	4.0
29.3	2.0
29.4	4.0
29.5	5.0
29.6	5.0
29.7	5.0
29.8	5.0
29.9	7.0
30.0	2.0
