42.0	12.0
42.1	10.0
42.2	7.0
42.3	10.0
42.4	9.0
42.5	11.0
42.6	10.0
42.7	16.0
42.8	19.0
42.9	27.0
43.0	36.0
43.1	71.0
43.2	213.0
43.3	236.0
43.4	134.0
43.5	40.0
43.6	27.0
43.7	14.0
43.8	13.0
43.9	16.0
44.0	14.0
44.1	11.0
44.2	18.0
44.3	0.0
44.4	20.0
44.5	12.0
44.6	15.0
44.7	12.0
44.8	10.0
44.9	16.0
45.0	16.0
45.1	15.0
45.2	18.0
45.3	14.0
45.4	11.0
45.5	9.0
45.6	8.0
45.7	10.0
45.8	10.0
45.9	8.0
46.0	9.0
46.1	13.0
46.2	11.0
46.3	7.0
46.4	10.0
46.5	7.0
46.6	10.0
46.7	11.0
46.8	11.0
46.9	9.0
47.0	7.0
47.1	8.0
47.2	13.0
47.3	11.0
47.4	13.0
47.5	13.0
47.6	12.0
47.7	10.0
47.8	11.0
47.9	11.0
48.0	9.0
48.1	12.0
48.2	10.0
48.3	16.0
48.4	18.0
48.5	17.0
48.6	17.0
48.7	18.0
48.8	18.0
48.9	31.0
49.0	38.0
49.1	46.0
49.2	171.0
49.3	533.0
49.4	897.0
49.5	1040.0
49.6	866.0
49.7	382.0
49.8	119.0
49.9	42.0
50.0	29.0
50.1	20.0
50.2	24.0
50.3	18.0
50.4	16.0
50.5	17.0
50.6	15.0
50.7	13.0
50.8	12.0
50.9	12.0
51.0	10.0
