3.0	118.0
3.1	100.0
3.2	89.0
3.3	97.0
3.4	64.0
3.5	66.0
3.6	58.0
3.7	49.0
3.8	40.0
3.9	41.0
4.0	32.0
4.1	27.0
4.2	28.0
4.3	32.0
4.4	36.0
4.5	23.0
4.6	26.0
4.7	25.0
4.8	31.0
4.9	28.0
5.0	31.0
5.1	36.0
5.2	45.0
5.3	48.0
5.4	51.0
5.5	69.0
5.6	63.0
5.7	77.0
5.8	76.0
5.9	84.0
6.0	75.0
6.1	97.0
6.2	91.0
6.3	85.0
6.4	85.0
6.5	97.0
6.6	90.0
6.7	106.0
6.8	86.0
6.9	102.0
7.0	92.0
7.1	99.0
7.2	95.0
7.3	94.0
7.4	92.0
7.5	98.0
7.6	95.0
7.7	101.0
7.8	96.0
7.9	95.0
8.0	106.0
8.1	98.0
8.2	101.0
8.3	100.0
8.4	96.0
8.5	94.0
8.6	105.0
8.7	88.0
8.8	90.0
8.9	81.0
9.0	79.0
9.1	77.0
9.2	91.0
9.3	97.0
9.4	133.0
9.5	156.0
9.6	196.0
9.7	186.0
9.8	170.0
9.9	183.0
10.0	197.0
10.1	176.0
10.2	193.0
10.3	175.0
10.4	180.0
10.5	155.0
10.6	176.0
10.7	176.0
10.8	176.0
10.9	200.0
11.0	189.0
11.1	172.0
11.2	172.0
11.3	173.0
11.4	178.0
11.5	176.0
11.6	159.0
11.7	175.0
11.8	182.0
11.9	171.0
12.0	157.0
12.1	173.0
12.2	152.0
12.3	158.0
12.4	161.0
12.5	149.0
12.6	137.0
12.7	136.0
12.8	135.0
12.9	123.0
13.0	115.0
13.1	114.0
13.2	113.0
13.3	127.0
13.4	130.0
13.5	113.0
13.6	114.0
13.7	94.0
13.8	102.0
13.9	106.0
14.0	99.0
14.1	104.0
14.2	102.0
14.3	97.0
14.4	106.0
14.5	100.0
14.6	100.0
14.7	102.0
14.8	89.0
14.9	91.0
15.0	82.0
15.1	100.0
15.2	80.0
15.3	84.0
15.4	83.0
15.5	80.0
15.6	93.0
15.7	79.0
15.8	78.0
15.9	67.0
16.0	86.0
16.1	68.0
16.2	54.0
16.3	62.0
16.4	60.0
16.5	59.0
16.6	57.0
16.7	56.0
16.8	64.0
16.9	60.0
17.0	53.0
17.1	55.0
17.2	52.0
17.3	51.0
17.4	44.0
17.5	44.0
17.6	39.0
17.7	44.0
17.8	45.0
17.9	48.0
18.0	46.0
18.1	39.0
18.2	42.0
18.3	39.0
18.4	41.0
18.5	42.0
18.6	36.0
18.7	36.0
18.8	30.0
18.9	34.0
19.0	37.0
19.1	30.0
19.2	31.0
19.3	25.0
19.4	34.0
19.5	60.0
19.6	109.0
19.7	335.0
19.8	436.0
19.9	354.0
20.0	118.0
20.1	56.0
20.2	54.0
20.3	55.0
20.4	47.0
20.5	43.0
20.6	38.0
20.7	39.0
20.8	38.0
20.9	41.0
21.0	42.0
21.1	40.0
21.2	30.0
21.3	33.0
21.4	39.0
21.5	34.0
21.6	40.0
21.7	40.0
21.8	57.0
21.9	280.0
22.0	808.0
22.1	976.0
22.2	756.0
22.3	333.0
22.4	57.0
22.5	35.0
22.6	22.0
22.7	33.0
22.8	27.0
22.9	26.0
23.0	25.0
23.1	23.0
23.2	22.0
23.3	21.0
23.4	25.0
23.5	22.0
23.6	18.0
23.7	21.0
23.8	19.0
23.9	26.0
24.0	21.0
24.1	19.0
24.2	23.0
24.3	21.0
24.4	15.0
24.5	18.0
24.6	24.0
24.7	17.0
24.8	15.0
24.9	19.0
25.0	12.0
25.1	16.0
25.2	19.0
25.3	22.0
25.4	14.0
25.5	14.0
25.6	17.0
25.7	16.0
25.8	18.0
25.9	16.0
26.0	13.0
26.1	12.0
26.2	16.0
26.3	17.0
26.4	17.0
26.5	11.0
26.6	14.0
26.7	14.0
26.8	17.0
26.9	13.0
27.0	9.0
27.1	9.0
27.2	12.0
27.3	12.0
27.4	12.0
27.5	9.0
27.6	12.0
27.7	10.0
27.8	15.0
27.9	9.0
28.0	11.0
28.1	13.0
28.2	11.0
28.3	8.0
28.4	12.0
28.5	11.0
28.6	11.0
28.7	12.0
28.8	11.0
28.9	10.0
29.0	11.0
29.1	10.0
29.2	8.0
29.3	11.0
29.4	9.0
29.5	13.0
29.6	10.0
29.7	9.0
29.8	10.0
29.9	9.0
30.0	12.0
