3.0	169.0
3.1	176.0
3.2	161.0
3.3	138.0
3.4	115.0
3.5	85.0
3.6	96.0
3.7	73.0
3.8	64.0
3.9	61.0
4.0	61.0
4.1	45.0
4.2	51.0
4.3	49.0
4.4	37.0
4.5	41.0
4.6	45.0
4.7	36.0
4.8	38.0
4.9	53.0
5.0	38.0
5.1	64.0
5.2	63.0
5.3	72.0
5.4	73.0
5.5	84.0
5.6	90.0
5.7	98.0
5.8	109.0
5.9	109.0
6.0	115.0
6.1	124.0
6.2	131.0
6.3	132.0
6.4	136.0
6.5	145.0
6.6	152.0
6.7	161.0
6.8	146.0
6.9	168.0
7.0	170.0
7.1	185.0
7.2	164.0
7.3	187.0
7.4	178.0
7.5	172.0
7.6	163.0
7.7	181.0
7.8	195.0
7.9	200.0
8.0	177.0
8.1	163.0
8.2	170.0
8.3	183.0
8.4	182.0
8.5	186.0
8.6	191.0
8.7	184.0
8.8	170.0
8.9	170.0
9.0	196.0
9.1	190.0
9.2	179.0
9.3	173.0
9.4	170.0
9.5	179.0
9.6	180.0
9.7	150.0
9.8	169.0
9.9	168.0
10.0	163.0
10.1	157.0
10.2	149.0
10.3	151.0
10.4	147.0
10.5	153.0
10.6	144.0
10.7	147.0
10.8	147.0
10.9	153.0
11.0	161.0
11.1	153.0
11.2	141.0
11.3	140.0
11.4	153.0
11.5	129.0
11.6	131.0
11.7	0.0
11.8	118.0
11.9	136.0
12.0	125.0
12.1	121.0
12.2	108.0
12.3	136.0
12.4	150.0
12.5	141.0
12.6	113.0
12.7	113.0
12.8	108.0
12.9	106.0
13.0	99.0
13.1	94.0
13.2	94.0
13.3	97.0
13.4	89.0
13.5	92.0
13.6	87.0
13.7	95.0
13.8	93.0
13.9	93.0
14.0	89.0
14.1	82.0
14.2	94.0
14.3	81.0
14.4	74.0
14.5	76.0
14.6	70.0
14.7	78.0
14.8	66.0
14.9	82.0
15.0	65.0
15.1	68.0
15.2	67.0
15.3	67.0
15.4	59.0
15.5	61.0
15.6	72.0
15.7	59.0
15.8	67.0
15.9	60.0
16.0	51.0
16.1	53.0
16.2	55.0
16.3	54.0
16.4	59.0
16.5	48.0
16.6	56.0
16.7	54.0
16.8	48.0
16.9	52.0
17.0	47.0
17.1	57.0
17.2	44.0
17.3	36.0
17.4	42.0
17.5	50.0
17.6	46.0
17.7	34.0
17.8	37.0
17.9	42.0
18.0	38.0
18.1	29.0
18.2	38.0
18.3	34.0
18.4	41.0
18.5	30.0
18.6	38.0
18.7	40.0
18.8	32.0
18.9	42.0
19.0	28.0
19.1	31.0
19.2	33.0
19.3	29.0
19.4	27.0
19.5	44.0
19.6	57.0
19.7	121.0
19.8	131.0
19.9	117.0
20.0	56.0
20.1	35.0
20.2	32.0
20.3	34.0
20.4	33.0
20.5	28.0
20.6	22.0
20.7	28.0
20.8	29.0
20.9	29.0
21.0	37.0
21.1	37.0
21.2	40.0
21.3	64.0
21.4	93.0
21.5	96.0
21.6	110.0
21.7	167.0
21.8	251.0
21.9	1245.0
22.0	3529.0
22.1	4336.0
22.2	3399.0
22.3	1581.0
22.4	226.0
22.5	110.0
22.6	70.0
22.7	66.0
22.8	70.0
22.9	65.0
23.0	64.0
23.1	56.0
23.2	52.0
23.3	51.0
23.4	58.0
23.5	50.0
23.6	40.0
23.7	41.0
23.8	39.0
23.9	50.0
24.0	46.0
24.1	35.0
24.2	34.0
24.3	35.0
24.4	30.0
24.5	36.0
24.6	33.0
24.7	31.0
24.8	27.0
24.9	30.0
25.0	30.0
25.1	25.0
25.2	23.0
25.3	22.0
25.4	20.0
25.5	26.0
25.6	26.0
25.7	20.0
25.8	22.0
25.9	25.0
26.0	30.0
26.1	23.0
26.2	16.0
26.3	20.0
26.4	16.0
26.5	20.0
26.6	21.0
26.7	20.0
26.8	20.0
26.9	15.0
27.0	25.0
27.1	15.0
27.2	21.0
27.3	11.0
27.4	13.0
27.5	18.0
27.6	18.0
27.7	17.0
27.8	12.0
27.9	9.0
28.0	12.0
28.1	11.0
28.2	13.0
28.3	16.0
28.4	10.0
28.5	11.0
28.6	11.0
28.7	19.0
28.8	14.0
28.9	13.0
29.0	10.0
29.1	10.0
29.2	15.0
29.3	12.0
29.4	9.0
29.5	12.0
29.6	7.0
29.7	12.0
29.8	7.0
29.9	12.0
30.0	10.0
