15.0	185.0
15.1	172.0
15.2	164.0
15.3	166.0
15.4	176.0
15.5	158.0
15.6	171.0
15.7	155.0
15.8	149.0
15.9	160.0
16.0	150.0
16.1	153.0
16.2	159.0
16.3	155.0
16.4	138.0
16.5	164.0
16.6	148.0
16.7	136.0
16.8	147.0
16.9	147.0
17.0	130.0
17.1	129.0
17.2	131.0
17.3	124.0
17.4	123.0
17.5	123.0
17.6	129.0
17.7	115.0
17.8	113.0
17.9	116.0
18.0	121.0
18.1	145.0
18.2	122.0
18.3	126.0
18.4	116.0
18.5	118.0
18.6	117.0
18.7	131.0
18.8	114.0
18.9	110.0
19.0	118.0
19.1	121.0
19.2	107.0
19.3	136.0
19.4	155.0
19.5	240.0
19.6	529.0
19.7	1647.0
19.8	1864.0
19.9	1431.0
20.0	522.0
20.1	227.0
20.2	186.0
20.3	166.0
20.4	166.0
20.5	150.0
20.6	137.0
20.7	133.0
20.8	134.0
20.9	118.0
21.0	146.0
21.1	136.0
21.2	117.0
21.3	134.0
21.4	153.0
21.5	152.0
21.6	184.0
21.7	254.0
21.8	429.0
21.9	2418.0
22.0	5549.0
22.1	6153.0
22.2	4713.0
22.3	1966.0
22.4	302.0
22.5	169.0
22.6	123.0
22.7	103.0
22.8	108.0
22.9	97.0
23.0	85.0
23.1	96.0
23.2	85.0
23.3	84.0
23.4	75.0
23.5	79.0
23.6	65.0
23.7	80.0
23.8	80.0
23.9	73.0
24.0	72.0
24.1	61.0
24.2	59.0
24.3	62.0
24.4	61.0
24.5	63.0
24.6	59.0
24.7	63.0
24.8	61.0
24.9	67.0
25.0	59.0
25.1	55.0
25.2	50.0
25.3	52.0
25.4	40.0
25.5	57.0
25.6	52.0
25.7	39.0
25.8	49.0
25.9	33.0
26.0	46.0
26.1	38.0
26.2	44.0
26.3	44.0
26.4	48.0
26.5	49.0
26.6	39.0
26.7	41.0
26.8	40.0
26.9	31.0
27.0	32.0
27.1	35.0
27.2	33.0
27.3	36.0
27.4	25.0
27.5	36.0
27.6	34.0
27.7	31.0
27.8	25.0
27.9	28.0
28.0	31.0
28.1	30.0
28.2	26.0
28.3	31.0
28.4	29.0
28.5	28.0
28.6	26.0
28.7	23.0
28.8	27.0
28.9	21.0
29.0	25.0
29.1	28.0
29.2	32.0
29.3	21.0
29.4	22.0
29.5	20.0
29.6	24.0
29.7	21.0
29.8	23.0
29.9	25.0
30.0	25.0
