3.0	135.0
3.1	151.0
3.2	141.0
3.3	122.0
3.4	114.0
3.5	96.0
3.6	77.0
3.7	68.0
3.8	63.0
3.9	53.0
4.0	53.0
4.1	41.0
4.2	34.0
4.3	27.0
4.4	29.0
4.5	30.0
4.6	24.0
4.7	32.0
4.8	25.0
4.9	26.0
5.0	24.0
5.1	19.0
5.2	27.0
5.3	37.0
5.4	33.0
5.5	45.0
5.6	39.0
5.7	48.0
5.8	54.0
5.9	59.0
6.0	69.0
6.1	64.0
6.2	56.0
6.3	72.0
6.4	69.0
6.5	73.0
6.6	72.0
6.7	82.0
6.8	66.0
6.9	77.0
7.0	63.0
7.1	78.0
7.2	80.0
7.3	67.0
7.4	84.0
7.5	81.0
7.6	74.0
7.7	75.0
7.8	71.0
7.9	78.0
8.0	82.0
8.1	85.0
8.2	77.0
8.3	80.0
8.4	78.0
8.5	73.0
8.6	76.0
8.7	72.0
8.8	72.0
8.9	73.0
9.0	71.0
9.1	74.0
9.2	84.0
9.3	82.0
9.4	89.0
9.5	121.0
9.6	163.0
9.7	169.0
9.8	172.0
9.9	168.0
10.0	172.0
10.1	167.0
10.2	168.0
10.3	175.0
10.4	168.0
10.5	175.0
10.6	166.0
10.7	162.0
10.8	174.0
10.9	157.0
11.0	180.0
11.1	172.0
11.2	161.0
11.3	167.0
11.4	163.0
11.5	177.0
11.6	147.0
11.7	165.0
11.8	168.0
11.9	163.0
12.0	156.0
12.1	171.0
12.2	151.0
12.3	160.0
12.4	160.0
12.5	156.0
12.6	181.0
12.7	154.0
12.8	144.0
12.9	138.0
13.0	134.0
13.1	129.0
13.2	128.0
13.3	119.0
13.4	114.0
13.5	129.0
13.6	119.0
13.7	98.0
13.8	105.0
13.9	104.0
14.0	110.0
14.1	110.0
14.2	103.0
14.3	102.0
14.4	98.0
14.5	89.0
14.6	97.0
14.7	101.0
14.8	87.0
14.9	106.0
15.0	93.0
15.1	95.0
15.2	88.0
15.3	95.0
15.4	88.0
15.5	101.0
15.6	85.0
15.7	77.0
15.8	72.0
15.9	82.0
16.0	80.0
16.1	68.0
16.2	67.0
16.3	66.0
16.4	78.0
16.5	76.0
16.6	73.0
16.7	59.0
16.8	64.0
16.9	61.0
17.0	57.0
17.1	52.0
17.2	57.0
17.3	59.0
17.4	57.0
17.5	72.0
17.6	62.0
17.7	53.0
17.8	57.0
17.9	56.0
18.0	41.0
18.1	45.0
18.2	47.0
18.3	51.0
18.4	48.0
18.5	49.0
18.6	55.0
18.7	48.0
18.8	44.0
18.9	47.0
19.0	39.0
19.1	39.0
19.2	41.0
19.3	32.0
19.4	40.0
19.5	36.0
19.6	31.0
19.7	51.0
19.8	33.0
19.9	39.0
20.0	42.0
20.1	45.0
20.2	37.0
20.3	43.0
20.4	34.0
20.5	20.0
20.6	32.0
20.7	35.0
20.8	29.0
20.9	37.0
21.0	34.0
21.1	37.0
21.2	35.0
21.3	31.0
21.4	28.0
21.5	26.0
21.6	29.0
21.7	36.0
21.8	27.0
21.9	27.0
22.0	29.0
22.1	25.0
22.2	25.0
22.3	31.0
22.4	23.0
22.5	26.0
22.6	20.0
22.7	18.0
22.8	22.0
22.9	21.0
23.0	16.0
23.1	23.0
23.2	22.0
23.3	21.0
23.4	26.0
23.5	21.0
23.6	21.0
23.7	19.0
23.8	21.0
23.9	16.0
24.0	22.0
24.1	17.0
24.2	25.0
24.3	15.0
24.4	21.0
24.5	15.0
24.6	18.0
24.7	11.0
24.8	18.0
24.9	17.0
25.0	16.0
25.1	16.0
25.2	23.0
25.3	22.0
25.4	40.0
25.5	77.0
25.6	77.0
25.7	42.0
25.8	32.0
25.9	17.0
26.0	17.0
26.1	17.0
26.2	13.0
26.3	15.0
26.4	15.0
26.5	15.0
26.6	13.0
26.7	12.0
26.8	15.0
26.9	12.0
27.0	10.0
27.1	12.0
27.2	12.0
27.3	11.0
27.4	15.0
27.5	12.0
27.6	17.0
27.7	12.0
27.8	13.0
27.9	10.0
28.0	16.0
28.1	16.0
28.2	19.0
28.3	58.0
28.4	85.0
28.5	78.0
28.6	40.0
28.7	16.0
28.8	13.0
28.9	12.0
29.0	13.0
29.1	5.0
29.2	6.0
29.3	9.0
29.4	13.0
29.5	6.0
29.6	10.0
29.7	6.0
29.8	6.0
29.9	11.0
30.0	6.0
