3.0	211.0
3.1	225.0
3.2	198.0
3.3	175.0
3.4	158.0
3.5	124.0
3.6	114.0
3.7	98.0
3.8	80.0
3.9	63.0
4.0	58.0
4.1	45.0
4.2	54.0
4.3	40.0
4.4	49.0
4.5	42.0
4.6	32.0
4.7	41.0
4.8	39.0
4.9	37.0
5.0	43.0
5.1	33.0
5.2	40.0
5.3	51.0
5.4	65.0
5.5	68.0
5.6	85.0
5.7	78.0
5.8	84.0
5.9	88.0
6.0	88.0
6.1	108.0
6.2	99.0
6.3	110.0
6.4	111.0
6.5	120.0
6.6	110.0
6.7	124.0
6.8	129.0
6.9	137.0
7.0	139.0
7.1	129.0
7.2	150.0
7.3	154.0
7.4	145.0
7.5	162.0
7.6	156.0
7.7	174.0
7.8	183.0
7.9	178.0
8.0	165.0
8.1	172.0
8.2	172.0
8.3	188.0
8.4	207.0
8.5	178.0
8.6	210.0
8.7	187.0
8.8	179.0
8.9	214.0
9.0	185.0
9.1	207.0
9.2	207.0
9.3	216.0
9.4	203.0
9.5	200.0
9.6	210.0
9.7	206.0
9.8	243.0
9.9	226.0
10.0	204.0
10.1	217.0
10.2	220.0
10.3	213.0
10.4	217.0
10.5	242.0
10.6	222.0
10.7	256.0
10.8	224.0
10.9	239.0
11.0	229.0
11.1	239.0
11.2	266.0
11.3	254.0
11.4	259.0
11.5	256.0
11.6	237.0
11.7	240.0
11.8	254.0
11.9	266.0
12.0	235.0
12.1	277.0
12.2	251.0
12.3	255.0
12.4	274.0
12.5	260.0
12.6	264.0
12.7	260.0
12.8	239.0
12.9	224.0
13.0	208.0
13.1	229.0
13.2	200.0
13.3	188.0
13.4	214.0
13.5	195.0
13.6	214.0
13.7	194.0
13.8	185.0
13.9	188.0
14.0	212.0
14.1	210.0
14.2	197.0
14.3	196.0
14.4	192.0
14.5	203.0
14.6	195.0
14.7	190.0
14.8	201.0
14.9	193.0
15.0	199.0
15.1	205.0
15.2	186.0
15.3	174.0
15.4	185.0
15.5	195.0
15.6	170.0
15.7	170.0
15.8	199.0
15.9	195.0
16.0	186.0
16.1	169.0
16.2	167.0
16.3	169.0
16.4	173.0
16.5	184.0
16.6	166.0
16.7	184.0
16.8	186.0
16.9	150.0
17.0	163.0
17.1	182.0
17.2	162.0
17.3	144.0
17.4	167.0
17.5	160.0
17.6	156.0
17.7	165.0
17.8	167.0
17.9	159.0
18.0	160.0
18.1	156.0
18.2	154.0
18.3	166.0
18.4	156.0
18.5	156.0
18.6	143.0
18.7	131.0
18.8	141.0
18.9	143.0
19.0	126.0
19.1	156.0
19.2	134.0
19.3	142.0
19.4	143.0
19.5	134.0
19.6	137.0
19.7	142.0
19.8	133.0
19.9	121.0
20.0	140.0
20.1	125.0
20.2	115.0
20.3	122.0
20.4	120.0
20.5	126.0
20.6	115.0
20.7	105.0
20.8	111.0
20.9	111.0
21.0	105.0
21.1	113.0
21.2	112.0
21.3	119.0
21.4	102.0
21.5	93.0
21.6	90.0
21.7	111.0
21.8	97.0
21.9	87.0
22.0	104.0
22.1	107.0
22.2	102.0
22.3	107.0
22.4	101.0
22.5	96.0
22.6	90.0
22.7	79.0
22.8	82.0
22.9	71.0
23.0	66.0
23.1	78.0
23.2	75.0
23.3	78.0
23.4	77.0
23.5	71.0
23.6	61.0
23.7	71.0
23.8	69.0
23.9	75.0
24.0	93.0
24.1	78.0
24.2	68.0
24.3	65.0
24.4	53.0
24.5	63.0
24.6	55.0
24.7	50.0
24.8	59.0
24.9	54.0
25.0	63.0
25.1	76.0
25.2	102.0
25.3	200.0
25.4	679.0
25.5	1295.0
25.6	1393.0
25.7	849.0
25.8	306.0
25.9	122.0
26.0	108.0
26.1	87.0
26.2	92.0
26.3	75.0
26.4	70.0
26.5	71.0
26.6	66.0
26.7	74.0
26.8	72.0
26.9	68.0
27.0	64.0
27.1	52.0
27.2	54.0
27.3	51.0
27.4	61.0
27.5	58.0
27.6	62.0
27.7	65.0
27.8	66.0
27.9	97.0
28.0	124.0
28.1	210.0
28.2	649.0
28.3	2294.0
28.4	3787.0
28.5	3744.0
28.6	2018.0
28.7	454.0
28.8	103.0
28.9	71.0
29.0	54.0
29.1	46.0
29.2	44.0
29.3	41.0
29.4	38.0
29.5	41.0
29.6	32.0
29.7	36.0
29.8	31.0
29.9	34.0
30.0	31.0
