3.0	165.0
3.1	166.0
3.2	157.0
3.3	126.0
3.4	121.0
3.5	104.0
3.6	88.0
3.7	91.0
3.8	70.0
3.9	67.0
4.0	54.0
4.1	60.0
4.2	60.0
4.3	50.0
4.4	44.0
4.5	46.0
4.6	58.0
4.7	51.0
4.8	49.0
4.9	65.0
5.0	74.0
5.1	84.0
5.2	103.0
5.3	137.0
5.4	145.0
5.5	161.0
5.6	160.0
5.7	181.0
5.8	192.0
5.9	208.0
6.0	215.0
6.1	220.0
6.2	227.0
6.3	216.0
6.4	252.0
6.5	268.0
6.6	260.0
6.7	265.0
6.8	263.0
6.9	286.0
7.0	305.0
7.1	276.0
7.2	312.0
7.3	315.0
7.4	309.0
7.5	319.0
7.6	341.0
7.7	300.0
7.8	310.0
7.9	300.0
8.0	311.0
8.1	334.0
8.2	359.0
8.3	430.0
8.4	558.0
8.5	888.0
8.6	793.0
8.7	631.0
8.8	426.0
8.9	410.0
9.0	372.0
9.1	383.0
9.2	392.0
9.3	432.0
9.4	507.0
9.5	1124.0
9.6	2042.0
9.7	2749.0
9.8	2198.0
9.9	1386.0
10.0	503.0
10.1	386.0
10.2	384.0
10.3	376.0
10.4	377.0
10.5	380.0
10.6	380.0
10.7	376.0
10.8	388.0
10.9	373.0
11.0	378.0
11.1	371.0
11.2	382.0
11.3	388.0
11.4	373.0
11.5	394.0
11.6	384.0
11.7	373.0
11.8	394.0
11.9	377.0
12.0	389.0
12.1	381.0
12.2	401.0
12.3	378.0
12.4	408.0
12.5	398.0
12.6	382.0
12.7	371.0
12.8	332.0
12.9	328.0
13.0	330.0
13.1	296.0
13.2	299.0
13.3	302.0
13.4	289.0
13.5	311.0
13.6	303.0
13.7	305.0
13.8	303.0
13.9	281.0
14.0	296.0
14.1	315.0
14.2	305.0
14.3	298.0
14.4	288.0
14.5	287.0
14.6	293.0
14.7	296.0
14.8	280.0
14.9	287.0
15.0	289.0
15.1	299.0
15.2	290.0
15.3	260.0
15.4	272.0
15.5	285.0
15.6	260.0
15.7	259.0
15.8	267.0
15.9	259.0
16.0	253.0
16.1	258.0
16.2	252.0
16.3	252.0
16.4	237.0
16.5	236.0
16.6	233.0
16.7	237.0
16.8	234.0
16.9	225.0
17.0	220.0
17.1	223.0
17.2	226.0
17.3	213.0
17.4	224.0
17.5	251.0
17.6	235.0
17.7	306.0
17.8	304.0
17.9	263.0
18.0	254.0
18.1	228.0
18.2	227.0
18.3	215.0
18.4	215.0
18.5	208.0
18.6	210.0
18.7	206.0
18.8	207.0
18.9	203.0
19.0	192.0
19.1	196.0
19.2	180.0
19.3	190.0
19.4	207.0
19.5	188.0
19.6	189.0
19.7	190.0
19.8	200.0
19.9	283.0
20.0	407.0
20.1	618.0
20.2	613.0
20.3	536.0
20.4	310.0
20.5	193.0
20.6	147.0
20.7	172.0
20.8	150.0
20.9	155.0
21.0	154.0
21.1	160.0
21.2	145.0
21.3	130.0
21.4	125.0
21.5	122.0
21.6	129.0
21.7	126.0
21.8	115.0
21.9	122.0
22.0	127.0
22.1	137.0
22.2	127.0
22.3	119.0
22.4	101.0
22.5	113.0
22.6	103.0
22.7	120.0
22.8	107.0
22.9	110.0
23.0	95.0
23.1	95.0
23.2	95.0
23.3	88.0
23.4	99.0
23.5	95.0
23.6	88.0
23.7	92.0
23.8	93.0
23.9	78.0
24.0	87.0
24.1	86.0
24.2	83.0
24.3	83.0
24.4	83.0
24.5	86.0
24.6	79.0
24.7	80.0
24.8	77.0
24.9	69.0
25.0	69.0
25.1	70.0
25.2	66.0
25.3	71.0
25.4	71.0
25.5	70.0
25.6	69.0
25.7	64.0
25.8	59.0
25.9	65.0
26.0	67.0
26.1	59.0
26.2	58.0
26.3	58.0
26.4	57.0
26.5	50.0
26.6	58.0
26.7	53.0
26.8	46.0
26.9	58.0
27.0	49.0
27.1	47.0
27.2	44.0
27.3	50.0
27.4	50.0
27.5	53.0
27.6	62.0
27.7	60.0
27.8	44.0
27.9	45.0
28.0	46.0
28.1	44.0
28.2	37.0
28.3	35.0
28.4	48.0
28.5	39.0
28.6	43.0
28.7	41.0
28.8	34.0
28.9	35.0
29.0	42.0
29.1	40.0
29.2	34.0
29.3	36.0
29.4	37.0
29.5	40.0
29.6	36.0
29.7	35.0
29.8	28.0
29.9	31.0
30.0	39.0
30.1	34.0
30.2	29.0
30.3	33.0
30.4	26.0
30.5	32.0
30.6	37.0
30.7	32,0
30,8	38,0
30,9	35,0
31,0	31,0
31,1	35,0
31,2	43,0
31,3	81,0
31,4	99,0
31,5	92,0
31,6	85,0
31,7	50,0
31,8	43,0
31,9	36,0
32,0	36,0
32,1	28,0
32,2	38,0
32,3	27,0
32,4	27,0
32,5	36,0
32,6	26,0
32,7	30,0
32,8	32,0
32,9	26,0
33,0	25,0
33,1	25,0
33,2	27,0
33,3	24,0
33,4	26,0
33,5	25,0
33,6	27,0
33,7	22,0
33,8	26,0
33,9	27,0
34,0	29,0
34,1	25,0
34,2	26,0
34,3	23,0
34,4	24,0
34,5	26,0
34,6	16,0
34,7	25,0
34,8	26,0
34,9	22,0
35,0	22,0
